------------------Joints-------------------
15
220 205.954
220 143.954
195.774 77.3945
274.999 78.4087
195.774 4.22345
274.999 3.86342
175.958 0.861467
225.704 6.27345
255.776 3.17928
306.765 0
256.002 163.048
318.01 163.048
173.171 166.659
173.171 94.6594
223 249.954
------------------Lines(poit_num1 point_num2)-------------------
14
0 1
0 10
0 12
0 14
1 2
1 3
2 4
3 5
4 6
4 7
5 8
5 9
10 11
12 13
------------------Movable lines (line_num turn_point_num)-------------------
8
1 0
2 0
4 1
5 1
6 2
7 3
12 10
13 12
------------------Unit fall angle-------------------
0.0523599
------------------Unit turn angle-------------------
0.261799
------------------Turn intervals (min_angle max_angle)-------------------
14
0 0
3.31613 6.19592
3.31613 6.19592
0 0
4.36332 6.19592
4.36332 6.19592
3.14159 4.71239
3.14159 4.71239
0 0
0 0
0 0
0 0
4.71239 6.80678
4.71239 6.80678
------------------Initial states (state_num state_count)-------------------
14
-1 1
8 12
2 12
-1 1
0 8
4 8
6 7
6 7
-1 1
-1 1
-1 1
-1 1
6 9
0 9
------------------Dependent lines (line_count list_of_lines)-------------------
14
0 
1 12 
1 13 
0 
3 6 8 9 
3 7 10 11 
2 8 9 
2 10 11 
0 
0 
0 
0 
0 
0 
------------------Head points-------------------
0
