------------------Joints-------------------
15
238 195.359
237 168.359
232 112.359
268.391 130.948
311.467 155.818
193.159 147.915
226.513 114.561
267.072 70.5622
250.045 7.01629
211.636 56.4098
159.208 26.1402
235.164 13.6159
274.35 0
151.39 39.2508
170.941 6.97419
------------------Lines(poit_num1 point_num2)-------------------
14
0 1
1 2
1 3
1 5
2 7
2 9
3 4
5 6
7 8
8 11
8 12
9 10
10 13
10 14
------------------Movable lines (line_num turn_point_num)-------------------
8
2 1
3 1
4 2
5 2
6 3
7 5
8 7
11 9
------------------Unit fall angle-------------------
0.0349066
------------------Unit turn angle-------------------
0.0872665
------------------Turn intervals (min_angle max_angle)-------------------
14
0 0
0 0
3.57792 6.28319
3.57792 6.28319
3.57792 6.28319
3.57792 6.28319
5.49779 7.06858
5.49779 7.06858
3.92699 5.49779
0 0
0 0
2.35619 3.92699
0 0
0 0
------------------Initial states (state_num state_count)-------------------
14
-1 1
-1 1
21 32
0 32
21 32
9 32
15 19
0 19
6 19
-1 1
-1 1
15 19
-1 1
-1 1
------------------Dependent lines (line_count list_of_lines)-------------------
14
0 
0 
1 6 
1 7 
3 8 9 10 
3 11 12 13 
0 
0 
2 9 10 
0 
0 
2 12 13 
0 
0 
------------------Head points-------------------
1
0 
