1  -6.4969
2  -12.372
3  -21.4837
4  5.3725
5  -0.536294
6  3.09447
7  -10.9893
8  -10.8782
9  -13.3841
10  -34.3628
11  -34.9812
12  -44.2989
13  -11.4432
14  14.1141
15  10.0185
16  23.0694
17  38.0658
18  56.2185
19  35.1707
20  18.9549
21  17.5743
22  43.1908
23  61.5153
24  77.3297
25  74.7062
26  70.5242
27  65.2593
28  59.2802
29  76.9651
30  76.083
31  57.567
32  82.8853
33  97.6124
34  85.0265
35  72.8086
36  61.1583
37  50.2334
38  35.8446
39  17.026
40  38.4739
41  23.2329
42  40.3202
43  34.017
44  26.2121
45  17.0307
46  14.2528
47  2.92606
48  -7.55207
49  -11.5059
50  -17.1217
51  -24.414
52  -33.3968
53  -38.0956
54  -43.1326
55  -46.4057
56  -44.0529
57  -48.8786
58  -52.9004
59  -61.6022
60  -41.919
61  -31.713
62  -35.4985
63  -42.7374
64  -34.2196
65  -38.9708
66  -25.7812
67  -35.6205
68  -42.0317
69  -51.8711
70  -58.2822
71  -68.1216
72  -74.5328
73  -84.3722
74  -90.7833
75  -98.5883
76  -109.301
77  -119.14
78  -123.162
79  -131.864
80  -112.181
81  -101.975
82  -105.76
83  -110.586
84  -114.608
85  -123.31
86  -103.626
87  -93.4205
88  -99.8316
89  -104.445
90  -113.063
91  -104.222
92  -89.5625
93  -95.1873
94  -99.3755
95  -108.768
96  -130.431
97  -108.155
98  -107.429
99  -112.042
100  -117.299
101  -127.138
102  -130.924
103  -135.749
104  -139.535
105  -144.36
106  -148.382
107  -157.084
108  -153.801
109  -142.52
110  -129.331
111  -137.136
112  -142.562
113  -153.614
114  -159.239
115  -169.951
116  -179.791
