1  -2.2707
2  -4.1608
3  7.25853
4  17.8069
5  20.0095
6  15.7243
7  8.71005
8  12.6705
9  6.9239
10  15.3308
11  16.8389
12  17.4295
13  16.098
14  24.3512
15  25.9692
16  27.0778
17  27.4974
18  26.992
19  25.6268
20  22.6958
21  16.7413
22  24.6111
23  31.3446
24  55.5595
25  63.855
26  71.9539
27  80.1724
28  88.4087
29  94.2567
30  99.824
31  101.453
32  102.26
33  101.453
34  102.26
35  101.453
36  114.565
37  140.877
38  169.616
39  213.487
40  217.849
41  222.691
42  228.241
43  239.722
44  248.349
45  248.177
46  254.05
47  258.298
48  263.285
49  266.76
50  271.994
51  265.436
52  262.75
53  261.914
54  262.75
55  261.914
56  262.75
