--------------------------Creature Joints----------------------------
-93.40269939 162.02385402
-91.02901244 100.06930931
-112.68900250 32.63110837
-9.56440377 73.90456419
-185.80640063 29.82956458
30.15248562 10.82075115
-189.92462555 49.50231246
-182.61195595 0.00000000
14.24955756 0.00000000
59.09279452 24.47590737
-134.89880892 124.40548439
-101.86151965 71.93139953
-32.34453464 159.03173385
-35.10072420 230.97856018
-92.08945087 206.10645125
--------------------------Creature States----------------------------
-1 2 11 -1 0 6 0 6 -1 -1 -1 -1 8 3 
---------------------------------------------------------------------
