1  1.20614
2  0.0411488
3  0.948715
4  14.4523
5  9.98799
6  30.3765
7  57.3776
8  50.2716
9  42.232
10  32.7014
11  37.7294
12  65.6811
13  55.7565
14  48.4941
15  38.5696
16  31.3071
17  21.3826
18  14.1202
19  4.19559
20  -3.06683
21  -12.9914
22  -20.2538
23  -30.1784
24  -37.4408
25  -47.3654
26  -54.6278
27  -64.5523
28  -71.8148
29  -81.7393
30  -89.0017
31  -98.9263
32  -106.189
33  -116.113
34  -123.376
35  -133.3
36  -140.563
37  -150.487
38  -157.75
39  -167.674
40  -174.937
41  -184.861
42  -192.124
43  -202.048
44  -209.311
45  -219.235
46  -226.498
47  -236.422
48  -243.685
49  -253.609
50  -260.872
51  -270.796
52  -278.059
53  -287.983
54  -295.246
55  -305.17
56  -312.433
57  -322.357
58  -329.62
59  -339.544
60  -346.767
61  -388.258
62  -396.788
63  -405.102
64  -413.115
65  -420.752
66  -431.144
67  -444.668
68  -454.446
69  -439.999
70  -451.765
71  -460.292
72  -471.791
73  -479.348
74  -485.812
75  -478.537
76  -481.26
77  -479.053
78  -462.24
79  -462.589
80  -446.891
81  -449.979
82  -434.188
83  -433.671
84  -417.925
85  -416.929
86  -401.138
87  -405.974
88  -407.965
89  -392.103
90  -395.2
91  -380.962
92  -365.1
93  -350.032
94  -349.613
95  -333.694
96  -330.249
97  -319.668
98  -303.4
99  -296.346
100  -283.285
101  -269.135
102  -255.512
103  -241.955
104  -228.807
105  -215.003
106  -209.577
107  -196.314
108  -187.545
109  -185.647
110  -172.451
111  -166.864
112  -153.677
113  -144.304
114  -134.938
115  -126.585
116  -113.74
117  -110.186
118  -97.4276
119  -91.3142
120  -78.4697
121  -72.8045
122  -72.9213
123  -59.9758
124  -56.0439
125  -43.1993
126  -37.5342
127  -34.6755
128  -35.3406
129  -22.4983
130  -4.86312
131  10.9053
132  24.8748
133  28.4037
134  28.2041
135  41.4709
136  43.2576
137  56.3513
138  58.9225
139  70.9643
140  72.5612
141  84.2526
142  91.3258
143  103.156
144  121.139
145  132.393
146  139.471
147  152.901
148  155.472
149  167.844
150  171.231
151  183.258
152  186.507
153  198.429
154  204.468
155  216.564
156  221.044
157  221.044
158  220.876
159  233.078
160  234.845
161  245.918
162  244.207
163  253.983
164  257.183
165  266.978
166  272.448
167  276.461
168  281.785
169  281.977
170  287.762
171  294.818
172  296.371
173  304.059
174  305.106
175  312.689
176  311.801
177  319.256
178  321.374
179  328.764
180  331.389
181  338.844
182  344.281
183  351.864
184  355.605
185  356.75
186  360.995
187  359.508
188  361.904
189  362.583
190  363.067
191  363.585
192  370.817
193  370.408
194  379.93
195  379.25
196  383.483
197  389.677
198  389.659
199  399.867
200  403.532
201  404.742
202  406.877
203  408.76
204  411.418
205  418.803
206  420.991
207  428.311
208  430.245
209  437.505
210  438.238
211  445.461
212  449.833
213  457.093
214  458.805
215  466.014
216  475.808
217  479.677
218  486.786
219  491.909
220  489.057
221  494.523
222  495.208
223  501.057
224  501.125
225  505.218
226  506.272
227  510.172
228  514.271
229  514.953
230  519.265
231  523.254
232  523.286
233  522.414
234  528.299
235  530.634
236  536.942
237  535.529
238  540.974
239  536.229
240  542.536
241  543.073
242  540.152
243  546.258
244  543.542
245  546.951
246  552.923
247  556.55
