1  -12.53
2  -21.9993
3  -27.8718
4  -41.6704
5  -47.5429
6  -61.3414
7  -76.6061
8  -93.2846
9  -97.3865
10  -114.065
11  -111.582
12  -107.64
13  -123.055
14  -120.054
15  -119.463
16  -108.689
17  -88.5187
18  -89.2609
19  -74.1937
20  -54.3674
21  -55.7675
22  -35.9411
23  -37.3412
24  -17.5148
25  -18.9149
26  0.91146
27  19.2173
28  35.8332
29  15.798
30  10.6646
31  18.5796
32  36.1516
33  39.2225
34  56.7945
35  52.3136
36  46.905
37  40.9545
38  27.5585
39  21.6079
40  14.0332
41  4.07222
42  -3.93174
43  -5.65422
44  -19.3175
45  -24.9279
46  -38.5912
47  -53.6282
48  -58.8207
49  -64.4312
50  -78.0945
51  -83.7049
52  -97.3682
53  -102.979
54  -116.642
55  -122.252
56  -135.916
57  -141.526
58  -155.189
59  -160.8
60  -174.463
61  -180.074
62  -193.737
63  -208.774
64  -213.966
65  -219.577
66  -233.24
67  -248.277
68  -264.573
69  -262.741
70  -250.794
71  -262.483
72  -278.376
73  -268.417
74  -251.908
75  -248.186
76  -246.262
77  -246.632
78  -227.689
79  -209.799
80  -207.876
81  -208.245
82  -189.303
83  -189.672
84  -170.73
85  -152.84
86  -136.331
87  -132.608
88  -130.685
89  -112.795
90  -96.2859
91  -101.317
92  -91.7735
93  -74.4079
94  -78.8451
95  -84.0376
96  -89.6481
97  -103.311
98  -118.348
99  -123.541
100  -129.151
101  -142.815
102  -148.425
103  -162.088
104  -177.125
105  -182.318
106  -197.355
107  -213.651
108  -218.088
109  -234.384
110  -231.09
111  -213.724
112  -218.162
