1  -12.53
2  -21.9993
3  -27.8718
4  -41.6704
5  -47.5429
6  -61.3414
7  -67.214
8  -81.0125
9  -86.885
10  -100.684
11  -106.556
12  -120.355
13  -126.227
14  -140.026
15  -145.898
16  -159.697
17  -165.569
18  -179.368
19  -185.24
20  -199.039
21  -204.911
22  -218.71
23  -224.582
24  -238.381
25  -244.253
26  -258.052
27  -263.925
28  -277.723
29  -283.596
30  -297.394
31  -279.915
32  -285.846
33  -299.882
34  -280.704
35  -286.734
36  -300.064
37  -280.197
38  -293.51
39  -277.379
40  -283.105
41  -267.814
42  -282.123
43  -287.998
44  -266.862
45  -281.203
46  -297.427
47  -292.786
48  -286.248
49  -281.31
50  -286.218
51  -289.153
52  -287.86
53  -290.918
54  -308.331
55  -322.103
56  -335.133
57  -347.319
58  -358.566
59  -368.786
60  -376.546
61  -386.766
62  -394.527
63  -404.747
64  -412.507
65  -422.728
66  -430.488
67  -440.708
68  -448.468
69  -458.689
70  -466.449
71  -476.669
72  -484.43
73  -494.65
74  -502.41
75  -512.63
76  -520.391
77  -530.611
78  -538.371
79  -548.591
80  -556.352
81  -566.572
82  -574.332
83  -584.552
84  -592.313
85  -602.533
86  -610.293
87  -620.513
88  -628.274
89  -638.494
90  -646.254
91  -656.475
92  -664.235
93  -674.455
94  -682.216
95  -692.436
96  -700.196
97  -710.416
98  -718.177
99  -728.397
100  -736.157
101  -746.377
102  -754.138
103  -764.358
104  -772.118
105  -782.338
106  -790.099
107  -800.319
108  -808.079
109  -818.299
110  -826.06
111  -836.28
112  -844.04
113  -854.261
114  -862.021
115  -872.241
116  -880.001
117  -890.222
118  -897.982
119  -908.202
120  -915.963
121  -926.183
122  -933.943
123  -944.163
124  -951.924
125  -962.144
126  -969.904
127  -980.124
128  -987.885
129  -998.105
130  -1005.87
131  -1016.09
132  -1023.85
133  -1034.07
134  -1041.83
135  -1052.05
136  -1059.81
137  -1070.03
138  -1077.79
139  -1088.01
140  -1095.77
141  -1105.99
142  -1113.75
143  -1123.97
144  -1131.73
145  -1141.95
146  -1149.71
147  -1159.93
148  -1167.69
149  -1177.91
150  -1185.67
151  -1195.89
152  -1203.65
153  -1213.87
154  -1221.63
155  -1231.85
156  -1239.61
157  -1249.83
158  -1257.59
159  -1267.81
160  -1275.57
161  -1285.79
162  -1293.55
163  -1303.77
164  -1311.53
165  -1321.75
166  -1329.51
167  -1339.74
168  -1347.5
169  -1357.72
170  -1365.48
171  -1375.7
172  -1383.46
173  -1393.68
174  -1401.44
175  -1411.66
176  -1419.42
177  -1429.64
178  -1437.4
179  -1447.62
180  -1455.38
181  -1465.6
182  -1473.36
183  -1483.58
184  -1491.34
185  -1501.56
186  -1509.32
187  -1519.54
188  -1527.3
189  -1537.52
190  -1545.28
191  -1555.5
192  -1563.26
193  -1573.48
194  -1581.24
195  -1591.46
196  -1599.22
197  -1609.44
198  -1617.2
199  -1627.42
200  -1635.18
201  -1645.4
202  -1653.16
203  -1663.38
204  -1671.15
205  -1681.37
206  -1689.13
207  -1699.35
208  -1707.11
209  -1717.33
210  -1725.09
211  -1735.31
212  -1743.07
213  -1753.29
214  -1761.05
215  -1771.27
216  -1779.03
217  -1789.25
218  -1797.01
219  -1807.23
220  -1814.99
221  -1825.21
222  -1832.97
223  -1843.19
224  -1850.95
225  -1861.17
226  -1868.93
227  -1879.15
228  -1886.91
229  -1897.13
230  -1904.89
231  -1915.11
232  -1922.87
233  -1933.09
234  -1940.85
235  -1951.07
236  -1958.83
237  -1969.05
238  -1976.81
239  -1987.03
240  -1994.79
241  -2005.02
242  -2012.78
243  -2023
244  -2030.76
245  -2040.98
246  -2048.74
247  -2058.96
248  -2066.72
249  -2076.94
250  -2084.7
251  -2094.92
252  -2102.68
253  -2112.9
254  -2120.66
255  -2130.88
256  -2138.64
257  -2148.86
258  -2156.62
259  -2166.84
260  -2174.6
261  -2184.82
262  -2192.58
263  -2202.8
264  -2210.56
265  -2220.78
266  -2228.54
267  -2238.76
268  -2246.52
269  -2256.74
270  -2264.5
271  -2274.72
272  -2282.48
273  -2292.7
274  -2300.46
275  -2310.68
276  -2318.44
277  -2328.66
278  -2336.43
279  -2346.65
280  -2354.41
281  -2364.63
282  -2372.39
283  -2382.61
284  -2390.37
285  -2400.59
286  -2408.35
287  -2418.57
288  -2426.33
289  -2436.55
290  -2444.31
291  -2454.53
292  -2462.29
293  -2472.51
294  -2480.27
295  -2490.49
296  -2498.25
297  -2508.47
298  -2516.23
299  -2526.45
300  -2534.21
301  -2544.43
302  -2552.19
303  -2562.41
304  -2570.17
305  -2580.39
306  -2588.15
307  -2598.37
308  -2606.13
309  -2616.35
310  -2624.11
311  -2634.33
312  -2642.09
313  -2652.31
314  -2660.07
315  -2670.3
316  -2678.06
317  -2688.28
318  -2696.04
319  -2706.26
320  -2714.02
321  -2724.24
322  -2732
323  -2742.22
324  -2749.98
325  -2760.2
326  -2767.96
327  -2778.18
328  -2785.94
329  -2796.16
330  -2803.92
331  -2814.14
332  -2821.9
333  -2832.12
334  -2839.88
335  -2850.1
336  -2857.86
337  -2868.08
338  -2875.84
339  -2886.06
340  -2893.82
341  -2904.04
342  -2911.8
343  -2922.02
344  -2929.78
345  -2940
346  -2947.76
347  -2957.98
348  -2965.74
349  -2975.96
350  -2983.72
351  -2993.94
352  -3001.71
353  -3011.93
354  -3019.69
355  -3029.91
356  -3037.67
357  -3047.89
358  -3055.65
359  -3065.87
360  -3073.63
361  -3083.85
362  -3091.61
363  -3101.83
364  -3109.59
365  -3119.81
366  -3127.57
367  -3137.79
368  -3145.55
369  -3155.77
370  -3163.53
371  -3173.75
372  -3181.51
373  -3191.73
374  -3199.49
375  -3209.71
376  -3217.47
377  -3227.69
378  -3235.45
379  -3245.67
380  -3253.43
381  -3263.65
382  -3271.41
383  -3281.63
384  -3289.39
385  -3299.61
386  -3307.37
387  -3317.59
388  -3325.35
389  -3335.57
390  -3343.34
391  -3353.56
392  -3361.32
393  -3371.54
394  -3379.3
395  -3389.52
396  -3397.28
397  -3407.5
398  -3415.26
399  -3425.48
400  -3433.24
401  -3443.46
402  -3451.22
403  -3461.44
404  -3469.2
405  -3479.42
406  -3487.18
407  -3497.4
408  -3505.16
409  -3515.38
410  -3523.14
411  -3533.36
412  -3541.12
413  -3551.34
414  -3559.1
415  -3569.32
416  -3577.08
417  -3587.3
418  -3595.06
419  -3605.28
420  -3613.04
421  -3623.26
422  -3631.02
423  -3641.24
424  -3649
425  -3659.22
426  -3666.99
427  -3677.21
428  -3684.97
429  -3695.19
430  -3702.95
431  -3713.17
432  -3720.93
433  -3731.15
434  -3738.91
435  -3749.13
436  -3756.89
437  -3767.11
438  -3774.87
439  -3785.09
440  -3792.85
441  -3803.07
442  -3810.83
443  -3821.05
444  -3828.81
445  -3839.03
446  -3846.79
447  -3857.01
448  -3864.77
449  -3874.99
450  -3882.75
451  -3892.97
452  -3900.73
453  -3910.95
454  -3918.71
455  -3928.93
456  -3936.69
457  -3946.91
458  -3954.67
459  -3964.89
460  -3972.65
461  -3982.87
462  -3990.63
463  -4000.85
464  -4008.62
465  -4018.84
466  -4026.6
467  -4036.82
468  -4044.58
469  -4054.8
470  -4062.56
471  -4072.78
472  -4080.54
473  -4090.76
474  -4098.52
475  -4108.74
476  -4116.5
477  -4126.72
478  -4134.48
479  -4144.7
480  -4152.46
481  -4162.68
482  -4170.44
483  -4180.66
484  -4188.42
485  -4198.64
486  -4206.4
487  -4216.62
488  -4224.38
489  -4234.6
490  -4242.36
491  -4252.58
492  -4260.34
493  -4270.56
494  -4278.32
495  -4288.54
496  -4296.3
497  -4306.52
498  -4314.28
499  -4324.5
500  -4332.27
501  -4342.49
502  -4350.25
503  -4360.47
504  -4368.23
505  -4378.45
506  -4386.21
507  -4396.43
508  -4404.19
509  -4414.41
510  -4422.17
511  -4432.39
512  -4440.15
513  -4450.37
514  -4458.13
515  -4468.35
516  -4476.11
517  -4486.33
518  -4494.09
519  -4504.31
520  -4512.07
521  -4522.29
522  -4530.05
523  -4540.27
524  -4548.03
525  -4558.25
526  -4566.01
527  -4576.23
528  -4583.99
529  -4594.21
530  -4601.97
531  -4612.19
532  -4619.95
533  -4630.17
534  -4637.93
535  -4648.15
536  -4655.91
537  -4666.13
538  -4673.9
539  -4684.12
540  -4691.88
541  -4702.1
542  -4709.86
543  -4720.08
544  -4727.84
545  -4738.06
546  -4745.82
547  -4756.04
548  -4763.8
549  -4774.02
550  -4781.78
551  -4792
552  -4799.76
553  -4809.98
554  -4817.74
555  -4827.96
556  -4835.72
557  -4845.94
558  -4853.7
559  -4863.92
560  -4871.68
561  -4881.9
562  -4889.66
563  -4899.88
564  -4907.64
565  -4917.86
566  -4925.62
567  -4935.84
568  -4943.6
569  -4953.82
570  -4961.58
571  -4971.8
572  -4979.56
573  -4989.78
574  -4997.55
575  -5007.77
576  -5015.53
577  -5025.75
578  -5033.51
579  -5043.73
580  -5051.49
581  -5061.71
582  -5069.47
583  -5079.69
584  -5087.45
585  -5097.67
586  -5105.43
587  -5115.65
588  -5123.41
589  -5133.63
590  -5141.39
591  -5151.61
592  -5159.37
593  -5169.59
594  -5177.35
595  -5187.57
596  -5195.33
597  -5205.55
598  -5213.31
599  -5223.53
600  -5231.29
601  -5241.51
602  -5249.27
603  -5259.49
604  -5267.25
605  -5277.47
606  -5285.23
607  -5295.45
608  -5303.21
609  -5313.43
610  -5321.19
611  -5331.41
612  -5339.18
613  -5349.4
614  -5357.16
615  -5367.38
616  -5375.14
617  -5385.36
618  -5393.12
619  -5403.34
620  -5411.1
621  -5421.32
622  -5429.08
623  -5439.3
624  -5447.06
625  -5457.28
626  -5465.04
627  -5475.26
628  -5483.02
629  -5493.24
630  -5501
631  -5511.22
632  -5518.98
633  -5529.2
634  -5536.96
635  -5547.18
636  -5554.94
637  -5565.16
638  -5572.92
639  -5583.14
640  -5590.9
641  -5601.12
642  -5608.88
643  -5619.1
644  -5626.86
645  -5637.08
646  -5644.84
647  -5655.06
648  -5662.83
649  -5673.05
650  -5680.81
651  -5691.03
652  -5698.79
653  -5709.01
654  -5716.77
655  -5726.99
656  -5734.75
657  -5744.97
658  -5752.73
659  -5762.95
660  -5770.71
661  -5780.93
662  -5788.69
663  -5798.91
664  -5806.67
665  -5816.89
666  -5824.65
667  -5834.87
668  -5842.63
669  -5852.85
670  -5860.61
671  -5870.83
672  -5878.59
673  -5888.81
674  -5896.57
675  -5906.79
676  -5914.55
677  -5924.77
678  -5932.53
679  -5942.75
680  -5950.51
681  -5960.73
682  -5968.49
683  -5978.71
684  -5986.47
685  -5996.69
686  -6004.46
687  -6014.68
688  -6022.44
689  -6032.66
690  -6040.42
691  -6050.64
692  -6058.4
693  -6068.62
694  -6076.38
695  -6086.6
696  -6094.36
697  -6104.58
698  -6112.34
699  -6122.56
700  -6130.32
701  -6140.54
702  -6148.3
703  -6158.52
704  -6166.28
705  -6176.5
706  -6184.26
707  -6194.48
708  -6202.24
709  -6212.46
710  -6220.22
711  -6230.44
712  -6238.2
713  -6248.42
714  -6256.18
715  -6266.4
716  -6274.16
717  -6284.38
718  -6292.14
719  -6302.36
720  -6310.12
721  -6320.34
722  -6328.1
723  -6338.33
724  -6346.09
725  -6356.31
726  -6364.07
727  -6374.29
728  -6382.05
729  -6392.27
730  -6400.03
731  -6410.25
732  -6418.01
733  -6428.23
734  -6435.99
735  -6446.21
736  -6453.97
737  -6464.19
738  -6471.95
739  -6482.17
740  -6489.93
741  -6500.15
742  -6507.91
743  -6518.13
744  -6525.89
745  -6536.11
746  -6543.87
747  -6554.09
748  -6561.85
749  -6572.07
750  -6579.83
751  -6590.05
752  -6597.81
753  -6608.03
754  -6615.79
755  -6626.01
756  -6633.77
757  -6643.99
758  -6651.75
759  -6661.97
760  -6669.74
761  -6679.96
762  -6687.72
763  -6697.94
764  -6705.7
765  -6715.92
766  -6723.68
767  -6733.9
768  -6741.66
769  -6751.88
770  -6759.64
771  -6769.86
772  -6777.62
773  -6787.84
774  -6795.6
775  -6805.82
776  -6813.58
777  -6823.8
778  -6831.56
779  -6841.78
780  -6849.54
781  -6859.76
782  -6867.52
783  -6877.74
784  -6885.5
785  -6895.72
786  -6903.48
787  -6913.7
788  -6921.46
789  -6931.68
790  -6939.44
791  -6949.66
792  -6957.42
793  -6967.64
794  -6975.4
795  -6985.62
796  -6993.38
797  -7003.61
798  -7011.37
799  -7021.59
800  -7029.35
801  -7039.57
802  -7047.33
803  -7057.55
804  -7065.31
805  -7075.53
806  -7083.29
807  -7093.51
808  -7101.27
809  -7111.49
810  -7119.25
811  -7129.47
812  -7137.23
813  -7147.45
814  -7155.21
815  -7165.43
816  -7173.19
817  -7183.41
818  -7191.17
819  -7201.39
820  -7209.15
821  -7219.37
822  -7227.13
823  -7237.35
824  -7245.11
825  -7255.33
826  -7263.09
827  -7273.31
828  -7281.07
829  -7291.29
830  -7299.05
831  -7309.27
832  -7317.03
833  -7327.25
834  -7335.02
835  -7345.24
836  -7353
837  -7363.22
838  -7370.98
839  -7381.2
840  -7388.96
841  -7399.18
842  -7406.94
843  -7417.16
844  -7424.92
845  -7435.14
846  -7442.9
847  -7453.12
848  -7460.88
849  -7471.1
850  -7478.86
851  -7489.08
852  -7496.84
853  -7507.06
854  -7514.82
855  -7525.04
856  -7532.8
857  -7543.02
858  -7550.78
859  -7561
860  -7568.76
861  -7578.98
862  -7586.74
863  -7596.96
864  -7604.72
865  -7614.94
866  -7622.7
867  -7632.92
868  -7640.68
869  -7650.9
870  -7658.66
871  -7668.89
872  -7676.65
873  -7686.87
874  -7694.63
875  -7704.85
876  -7712.61
877  -7722.83
878  -7730.59
879  -7740.81
880  -7748.57
881  -7758.79
882  -7766.55
883  -7776.77
884  -7784.53
885  -7794.75
886  -7802.51
887  -7812.73
888  -7820.49
889  -7830.71
890  -7838.47
891  -7848.69
892  -7856.45
893  -7866.67
894  -7874.43
895  -7884.65
896  -7892.41
897  -7902.63
898  -7910.39
899  -7920.61
900  -7928.37
901  -7938.59
902  -7946.35
903  -7956.57
904  -7964.33
905  -7974.55
906  -7982.31
907  -7992.53
908  -8000.3
909  -8010.52
910  -8018.28
911  -8028.5
912  -8036.26
913  -8046.48
914  -8054.24
915  -8064.46
916  -8072.22
917  -8082.44
918  -8090.2
919  -8100.42
920  -8108.18
921  -8118.4
922  -8126.16
923  -8136.38
924  -8144.14
925  -8154.36
926  -8162.12
927  -8172.34
928  -8180.1
929  -8190.32
930  -8198.08
931  -8208.3
932  -8216.06
933  -8226.28
934  -8234.04
935  -8244.26
936  -8252.02
937  -8262.24
938  -8270
939  -8280.22
940  -8287.98
941  -8298.2
942  -8305.96
943  -8316.18
944  -8323.94
945  -8334.17
946  -8341.93
947  -8352.15
948  -8359.91
949  -8370.13
950  -8377.89
951  -8388.11
952  -8395.87
953  -8406.09
954  -8413.85
955  -8424.07
956  -8431.83
957  -8442.05
958  -8449.81
959  -8460.03
960  -8467.79
961  -8478.01
962  -8485.77
963  -8495.99
964  -8503.75
965  -8513.97
966  -8521.73
967  -8531.95
968  -8539.71
969  -8549.93
970  -8557.69
971  -8567.91
972  -8575.67
973  -8585.89
974  -8593.65
975  -8603.87
976  -8611.63
977  -8621.85
978  -8629.61
979  -8639.83
980  -8647.59
981  -8657.81
982  -8665.58
983  -8675.8
984  -8683.56
985  -8693.78
986  -8701.54
987  -8711.76
988  -8719.52
989  -8729.74
990  -8737.5
991  -8747.72
992  -8755.48
993  -8765.7
994  -8773.46
995  -8783.68
996  -8791.44
997  -8801.66
998  -8809.42
999  -8819.64
1000  -8827.4
1001  -8837.62
1002  -8845.38
1003  -8855.6
1004  -8863.36
1005  -8873.58
1006  -8881.34
1007  -8891.56
1008  -8899.32
1009  -8909.54
1010  -8917.3
1011  -8927.52
1012  -8935.28
1013  -8945.5
1014  -8953.26
1015  -8963.48
1016  -8971.24
1017  -8981.46
1018  -8989.22
1019  -8999.44
1020  -9007.21
1021  -9017.43
1022  -9025.19
1023  -9035.41
1024  -9043.17
1025  -9053.39
1026  -9061.15
1027  -9071.37
1028  -9079.13
1029  -9089.35
1030  -9097.11
1031  -9107.33
1032  -9115.09
1033  -9125.31
1034  -9133.07
1035  -9143.29
1036  -9151.05
1037  -9161.27
1038  -9169.03
1039  -9179.25
1040  -9187.01
1041  -9197.23
1042  -9204.99
1043  -9215.21
1044  -9222.97
1045  -9233.19
1046  -9240.95
1047  -9251.17
1048  -9258.93
1049  -9269.15
1050  -9276.91
1051  -9287.13
1052  -9294.89
1053  -9305.11
1054  -9312.87
1055  -9323.09
1056  -9330.86
1057  -9341.08
1058  -9348.84
1059  -9359.06
1060  -9366.82
1061  -9377.04
1062  -9384.8
1063  -9395.02
1064  -9402.78
1065  -9413
1066  -9420.76
1067  -9430.98
1068  -9438.74
1069  -9448.96
1070  -9456.72
1071  -9466.94
1072  -9474.7
1073  -9484.92
1074  -9492.68
1075  -9502.9
1076  -9510.66
1077  -9520.88
1078  -9528.64
1079  -9538.86
1080  -9546.62
1081  -9556.84
1082  -9564.6
1083  -9574.82
1084  -9582.58
1085  -9592.8
1086  -9600.56
1087  -9610.78
1088  -9618.54
1089  -9628.76
1090  -9636.52
1091  -9646.74
1092  -9654.5
1093  -9664.72
1094  -9672.49
1095  -9682.71
1096  -9690.47
1097  -9700.69
1098  -9708.45
1099  -9718.67
1100  -9726.43
1101  -9736.65
1102  -9744.41
1103  -9754.63
1104  -9762.39
1105  -9772.61
1106  -9780.37
1107  -9790.59
1108  -9798.35
1109  -9808.57
1110  -9816.33
1111  -9826.55
1112  -9834.31
1113  -9844.53
1114  -9852.29
1115  -9862.51
1116  -9870.27
1117  -9880.49
1118  -9888.25
1119  -9898.47
1120  -9906.23
1121  -9916.45
1122  -9924.21
1123  -9934.43
1124  -9942.19
1125  -9952.41
1126  -9960.17
1127  -9970.39
1128  -9978.15
1129  -9988.37
1130  -9996.14
1131  -10006.4
1132  -10014.1
1133  -10024.3
1134  -10032.1
1135  -10042.3
1136  -10050.1
1137  -10060.3
1138  -10068.1
1139  -10078.3
1140  -10086
1141  -10096.3
1142  -10104
1143  -10114.2
1144  -10122
1145  -10132.2
1146  -10140
1147  -10150.2
1148  -10158
1149  -10168.2
1150  -10175.9
1151  -10186.2
1152  -10193.9
1153  -10204.1
1154  -10211.9
1155  -10222.1
1156  -10229.9
1157  -10240.1
1158  -10247.9
1159  -10258.1
1160  -10265.8
1161  -10276.1
1162  -10283.8
1163  -10294
1164  -10301.8
1165  -10312
1166  -10319.8
1167  -10330
1168  -10337.8
1169  -10348
1170  -10355.7
1171  -10366
1172  -10373.7
1173  -10383.9
1174  -10391.7
1175  -10401.9
1176  -10409.7
1177  -10419.9
1178  -10427.7
1179  -10437.9
1180  -10445.6
1181  -10455.9
1182  -10463.6
1183  -10473.8
1184  -10481.6
1185  -10491.8
1186  -10499.6
1187  -10509.8
1188  -10517.6
1189  -10527.8
1190  -10535.6
1191  -10545.8
1192  -10553.5
1193  -10563.8
1194  -10571.5
1195  -10581.7
1196  -10589.5
1197  -10599.7
1198  -10607.5
1199  -10617.7
1200  -10625.5
1201  -10635.7
1202  -10643.4
1203  -10653.7
1204  -10661.4
1205  -10671.6
1206  -10679.4
1207  -10689.6
1208  -10697.4
1209  -10707.6
1210  -10715.4
1211  -10725.6
1212  -10733.3
1213  -10743.6
1214  -10751.3
1215  -10761.5
1216  -10769.3
1217  -10779.5
1218  -10787.3
1219  -10797.5
1220  -10805.3
1221  -10815.5
1222  -10823.2
1223  -10833.5
1224  -10841.2
1225  -10851.4
1226  -10859.2
1227  -10869.4
1228  -10877.2
1229  -10887.4
1230  -10895.2
1231  -10905.4
1232  -10913.1
1233  -10923.4
1234  -10931.1
1235  -10941.3
1236  -10949.1
1237  -10959.3
1238  -10967.1
1239  -10977.3
1240  -10985.1
1241  -10995.3
1242  -11003
1243  -11013.3
1244  -11021
1245  -11031.2
1246  -11039
1247  -11049.2
1248  -11057
1249  -11067.2
1250  -11075
1251  -11085.2
1252  -11092.9
1253  -11103.2
1254  -11110.9
1255  -11121.1
1256  -11128.9
1257  -11139.1
1258  -11146.9
1259  -11157.1
1260  -11164.9
1261  -11175.1
1262  -11182.9
1263  -11193.1
1264  -11200.8
1265  -11211.1
1266  -11218.8
1267  -11229
1268  -11236.8
1269  -11247
1270  -11254.8
1271  -11265
1272  -11272.8
1273  -11283
1274  -11290.7
1275  -11301
1276  -11308.7
1277  -11318.9
1278  -11326.7
1279  -11336.9
1280  -11344.7
1281  -11354.9
1282  -11362.7
1283  -11372.9
1284  -11380.6
1285  -11390.9
1286  -11398.6
1287  -11408.8
1288  -11416.6
1289  -11426.8
1290  -11434.6
1291  -11444.8
1292  -11452.6
1293  -11462.8
1294  -11470.5
1295  -11480.8
1296  -11488.5
1297  -11498.7
1298  -11506.5
1299  -11516.7
1300  -11524.5
1301  -11534.7
1302  -11542.5
1303  -11552.7
1304  -11560.4
1305  -11570.7
1306  -11578.4
1307  -11588.6
1308  -11596.4
1309  -11606.6
1310  -11614.4
1311  -11624.6
1312  -11632.4
1313  -11642.6
1314  -11650.3
1315  -11660.6
1316  -11668.3
1317  -11678.5
1318  -11686.3
1319  -11696.5
1320  -11704.3
1321  -11714.5
1322  -11722.3
1323  -11732.5
1324  -11740.2
1325  -11750.5
1326  -11758.2
1327  -11768.4
1328  -11776.2
1329  -11786.4
1330  -11794.2
1331  -11804.4
1332  -11812.2
1333  -11822.4
1334  -11830.2
1335  -11840.4
1336  -11848.1
1337  -11858.4
1338  -11866.1
1339  -11876.3
1340  -11884.1
1341  -11894.3
1342  -11902.1
1343  -11912.3
1344  -11920.1
1345  -11930.3
1346  -11938
1347  -11948.3
1348  -11956
1349  -11966.2
1350  -11974
1351  -11984.2
1352  -11992
1353  -12002.2
1354  -12010
1355  -12020.2
1356  -12027.9
1357  -12038.2
1358  -12045.9
1359  -12056.1
1360  -12063.9
1361  -12074.1
1362  -12081.9
1363  -12092.1
1364  -12099.9
1365  -12110.1
1366  -12117.8
1367  -12128.1
1368  -12135.8
1369  -12146
1370  -12153.8
1371  -12164
1372  -12171.8
1373  -12182
1374  -12189.8
1375  -12200
1376  -12207.7
1377  -12218
1378  -12225.7
1379  -12235.9
1380  -12243.7
1381  -12253.9
1382  -12261.7
1383  -12271.9
1384  -12279.7
1385  -12289.9
1386  -12297.6
1387  -12307.9
1388  -12315.6
1389  -12325.8
1390  -12333.6
1391  -12343.8
1392  -12351.6
1393  -12361.8
1394  -12369.6
1395  -12379.8
1396  -12387.5
1397  -12397.8
1398  -12405.5
1399  -12415.7
1400  -12423.5
1401  -12433.7
1402  -12441.5
1403  -12451.7
1404  -12459.5
1405  -12469.7
1406  -12477.4
1407  -12487.7
1408  -12495.4
1409  -12505.7
1410  -12513.4
1411  -12523.6
1412  -12531.4
1413  -12541.6
1414  -12549.4
1415  -12559.6
1416  -12567.4
1417  -12577.6
1418  -12585.3
1419  -12595.6
1420  -12603.3
1421  -12613.5
1422  -12621.3
1423  -12631.5
1424  -12639.3
1425  -12649.5
1426  -12657.3
1427  -12667.5
1428  -12675.2
1429  -12685.5
1430  -12693.2
1431  -12703.4
1432  -12711.2
1433  -12721.4
1434  -12729.2
1435  -12739.4
1436  -12747.2
1437  -12757.4
1438  -12765.1
1439  -12775.4
1440  -12783.1
1441  -12793.3
1442  -12801.1
1443  -12811.3
1444  -12819.1
1445  -12829.3
1446  -12837.1
1447  -12847.3
1448  -12855
1449  -12865.3
1450  -12873
1451  -12883.2
1452  -12891
1453  -12901.2
1454  -12909
1455  -12919.2
1456  -12927
1457  -12937.2
1458  -12944.9
1459  -12955.2
1460  -12962.9
1461  -12973.1
1462  -12980.9
1463  -12991.1
1464  -12998.9
1465  -13009.1
1466  -13016.9
1467  -13027.1
1468  -13034.8
1469  -13045.1
1470  -13052.8
1471  -13063
1472  -13070.8
1473  -13081
1474  -13088.8
1475  -13099
1476  -13106.8
1477  -13117
1478  -13124.7
1479  -13135
1480  -13142.7
1481  -13152.9
1482  -13160.7
1483  -13170.9
1484  -13178.7
1485  -13188.9
1486  -13196.7
1487  -13206.9
1488  -13214.7
1489  -13224.9
1490  -13232.6
1491  -13242.9
1492  -13250.6
1493  -13260.8
1494  -13268.6
1495  -13278.8
1496  -13286.6
1497  -13296.8
1498  -13304.6
1499  -13314.8
1500  -13322.5
1501  -13332.8
1502  -13340.5
1503  -13350.7
1504  -13358.5
1505  -13368.7
1506  -13376.5
1507  -13386.7
1508  -13394.5
1509  -13404.7
1510  -13412.4
1511  -13422.7
1512  -13430.4
1513  -13440.6
1514  -13448.4
1515  -13458.6
1516  -13466.4
1517  -13476.6
1518  -13484.4
1519  -13494.6
1520  -13502.3
1521  -13512.6
1522  -13520.3
1523  -13530.5
1524  -13538.3
1525  -13548.5
1526  -13556.3
1527  -13566.5
1528  -13574.3
1529  -13584.5
1530  -13592.2
1531  -13602.5
1532  -13610.2
1533  -13620.4
1534  -13628.2
1535  -13638.4
1536  -13646.2
1537  -13656.4
1538  -13664.2
1539  -13674.4
1540  -13682.1
1541  -13692.4
1542  -13700.1
1543  -13710.3
1544  -13718.1
1545  -13728.3
1546  -13736.1
1547  -13746.3
1548  -13754.1
1549  -13764.3
1550  -13772
1551  -13782.3
1552  -13790
1553  -13800.2
1554  -13808
1555  -13818.2
1556  -13826
1557  -13836.2
1558  -13844
1559  -13854.2
1560  -13862
1561  -13872.2
1562  -13879.9
1563  -13890.2
1564  -13897.9
1565  -13908.1
1566  -13915.9
1567  -13926.1
1568  -13933.9
1569  -13944.1
1570  -13951.9
1571  -13962.1
1572  -13969.8
1573  -13980.1
1574  -13987.8
1575  -13998
1576  -14005.8
1577  -14016
1578  -14023.8
1579  -14034
1580  -14041.8
1581  -14052
1582  -14059.7
1583  -14070
1584  -14077.7
1585  -14087.9
1586  -14095.7
1587  -14105.9
1588  -14113.7
1589  -14123.9
1590  -14131.7
1591  -14141.9
1592  -14149.6
1593  -14159.9
1594  -14167.6
1595  -14177.8
1596  -14185.6
1597  -14195.8
1598  -14203.6
1599  -14213.8
1600  -14221.6
1601  -14231.8
1602  -14239.5
1603  -14249.8
1604  -14257.5
1605  -14267.7
1606  -14275.5
1607  -14285.7
1608  -14293.5
1609  -14303.7
1610  -14311.5
1611  -14321.7
1612  -14329.4
1613  -14339.7
1614  -14347.4
1615  -14357.6
1616  -14365.4
1617  -14375.6
1618  -14383.4
1619  -14393.6
1620  -14401.4
1621  -14411.6
1622  -14419.3
1623  -14429.6
1624  -14437.3
1625  -14447.5
1626  -14455.3
1627  -14465.5
1628  -14473.3
1629  -14483.5
1630  -14491.3
1631  -14501.5
1632  -14509.3
1633  -14519.5
1634  -14527.2
1635  -14537.5
1636  -14545.2
1637  -14555.4
1638  -14563.2
1639  -14573.4
1640  -14581.2
1641  -14591.4
1642  -14599.2
1643  -14609.4
1644  -14617.1
1645  -14627.4
1646  -14635.1
1647  -14645.3
1648  -14653.1
1649  -14663.3
1650  -14671.1
1651  -14681.3
1652  -14689.1
1653  -14699.3
1654  -14707
1655  -14717.3
1656  -14725
1657  -14735.2
1658  -14743
1659  -14753.2
1660  -14761
1661  -14771.2
1662  -14779
1663  -14789.2
1664  -14796.9
1665  -14807.2
1666  -14814.9
1667  -14825.1
1668  -14832.9
1669  -14843.1
1670  -14850.9
1671  -14861.1
1672  -14868.9
1673  -14879.1
1674  -14886.8
1675  -14897.1
1676  -14904.8
1677  -14915
1678  -14922.8
1679  -14933
1680  -14940.8
1681  -14951
1682  -14958.8
1683  -14969
1684  -14976.7
1685  -14987
1686  -14994.7
1687  -15004.9
1688  -15012.7
1689  -15022.9
1690  -15030.7
1691  -15040.9
1692  -15048.7
1693  -15058.9
1694  -15066.6
1695  -15076.9
1696  -15084.6
1697  -15094.8
1698  -15102.6
1699  -15112.8
1700  -15120.6
1701  -15130.8
1702  -15138.6
1703  -15148.8
1704  -15156.5
1705  -15166.8
1706  -15174.5
1707  -15184.8
1708  -15192.5
1709  -15202.7
1710  -15210.5
1711  -15220.7
1712  -15228.5
1713  -15238.7
1714  -15246.5
1715  -15256.7
1716  -15264.4
1717  -15274.7
1718  -15282.4
1719  -15292.6
1720  -15300.4
1721  -15310.6
1722  -15318.4
1723  -15328.6
1724  -15336.4
1725  -15346.6
1726  -15354.3
1727  -15364.6
1728  -15372.3
1729  -15382.5
1730  -15390.3
1731  -15400.5
1732  -15408.3
1733  -15418.5
1734  -15426.3
1735  -15436.5
1736  -15444.2
1737  -15454.5
1738  -15462.2
1739  -15472.4
1740  -15480.2
1741  -15490.4
1742  -15498.2
1743  -15508.4
1744  -15516.2
1745  -15526.4
1746  -15534.1
1747  -15544.4
1748  -15552.1
1749  -15562.3
1750  -15570.1
1751  -15580.3
1752  -15588.1
1753  -15598.3
1754  -15606.1
1755  -15616.3
1756  -15624
1757  -15634.3
1758  -15642
1759  -15652.2
1760  -15660
1761  -15670.2
1762  -15678
1763  -15688.2
1764  -15696
1765  -15706.2
1766  -15713.9
1767  -15724.2
1768  -15731.9
1769  -15742.1
1770  -15749.9
1771  -15760.1
1772  -15767.9
1773  -15778.1
1774  -15785.9
1775  -15796.1
1776  -15803.8
1777  -15814.1
1778  -15821.8
1779  -15832.1
1780  -15839.8
1781  -15850
1782  -15857.8
1783  -15868
1784  -15875.8
1785  -15886
1786  -15893.8
1787  -15904
1788  -15911.7
1789  -15922
1790  -15929.7
1791  -15939.9
1792  -15947.7
1793  -15957.9
1794  -15965.7
1795  -15975.9
1796  -15983.7
1797  -15993.9
1798  -16001.6
1799  -16011.9
1800  -16019.6
1801  -16029.8
1802  -16037.6
1803  -16047.8
1804  -16055.6
1805  -16065.8
1806  -16073.6
1807  -16083.8
1808  -16091.5
1809  -16101.8
1810  -16109.5
1811  -16119.7
1812  -16127.5
1813  -16137.7
1814  -16145.5
1815  -16155.7
1816  -16163.5
1817  -16173.7
1818  -16181.4
1819  -16191.7
1820  -16199.4
1821  -16209.6
1822  -16217.4
1823  -16227.6
1824  -16235.4
1825  -16245.6
1826  -16253.4
1827  -16263.6
1828  -16271.3
1829  -16281.6
1830  -16289.3
1831  -16299.5
1832  -16307.3
1833  -16317.5
1834  -16325.3
1835  -16335.5
1836  -16343.3
1837  -16353.5
1838  -16361.2
1839  -16371.5
1840  -16379.2
1841  -16389.4
1842  -16397.2
1843  -16407.4
1844  -16415.2
1845  -16425.4
1846  -16433.2
1847  -16443.4
1848  -16451.1
1849  -16461.4
1850  -16469.1
1851  -16479.3
1852  -16487.1
1853  -16497.3
1854  -16505.1
1855  -16515.3
1856  -16523.1
1857  -16533.3
1858  -16541.1
1859  -16551.3
1860  -16559
1861  -16569.3
1862  -16577
1863  -16587.2
1864  -16595
1865  -16605.2
1866  -16613
1867  -16623.2
1868  -16631
1869  -16641.2
1870  -16648.9
1871  -16659.2
1872  -16666.9
1873  -16677.1
1874  -16684.9
1875  -16695.1
1876  -16702.9
1877  -16713.1
1878  -16720.9
1879  -16731.1
1880  -16738.8
1881  -16749.1
1882  -16756.8
1883  -16767
1884  -16774.8
1885  -16785
1886  -16792.8
1887  -16803
1888  -16810.8
1889  -16821
1890  -16828.7
1891  -16839
1892  -16846.7
1893  -16856.9
1894  -16864.7
1895  -16874.9
1896  -16882.7
1897  -16892.9
1898  -16900.7
1899  -16910.9
1900  -16918.6
1901  -16928.9
1902  -16936.6
1903  -16946.8
1904  -16954.6
1905  -16964.8
1906  -16972.6
1907  -16982.8
1908  -16990.6
1909  -17000.8
1910  -17008.5
1911  -17018.8
1912  -17026.5
1913  -17036.7
1914  -17044.5
1915  -17054.7
1916  -17062.5
1917  -17072.7
1918  -17080.5
1919  -17090.7
1920  -17098.4
1921  -17108.7
1922  -17116.4
1923  -17126.6
1924  -17134.4
1925  -17144.6
1926  -17152.4
1927  -17162.6
1928  -17170.4
1929  -17180.6
1930  -17188.4
1931  -17198.6
1932  -17206.3
1933  -17216.6
1934  -17224.3
1935  -17234.5
1936  -17242.3
1937  -17252.5
1938  -17260.3
1939  -17270.5
1940  -17278.3
1941  -17288.5
1942  -17296.2
1943  -17306.5
1944  -17314.2
1945  -17324.4
1946  -17332.2
1947  -17342.4
1948  -17350.2
1949  -17360.4
1950  -17368.2
1951  -17378.4
1952  -17386.1
1953  -17396.4
1954  -17404.1
1955  -17414.3
1956  -17422.1
1957  -17432.3
1958  -17440.1
1959  -17450.3
1960  -17458.1
1961  -17468.3
1962  -17476
1963  -17486.3
1964  -17494
1965  -17504.2
1966  -17512
1967  -17522.2
1968  -17530
1969  -17540.2
1970  -17548
1971  -17558.2
1972  -17565.9
1973  -17576.2
1974  -17583.9
1975  -17594.1
1976  -17601.9
1977  -17612.1
1978  -17619.9
1979  -17630.1
1980  -17637.9
1981  -17648.1
1982  -17655.8
1983  -17666.1
1984  -17673.8
1985  -17684
1986  -17691.8
1987  -17702
1988  -17709.8
1989  -17720
1990  -17727.8
1991  -17738
1992  -17745.7
1993  -17756
1994  -17763.7
1995  -17773.9
1996  -17781.7
1997  -17791.9
1998  -17799.7
1999  -17809.9
2000  -17817.7
2001  -17827.9
2002  -17835.7
2003  -17845.9
2004  -17853.6
2005  -17863.9
2006  -17871.6
2007  -17881.8
2008  -17889.6
2009  -17899.8
2010  -17907.6
2011  -17917.8
2012  -17925.6
2013  -17935.8
2014  -17943.5
2015  -17953.8
2016  -17961.5
2017  -17971.7
2018  -17979.5
2019  -17989.7
2020  -17997.5
2021  -18007.7
2022  -18015.5
2023  -18025.7
2024  -18033.4
2025  -18043.7
2026  -18051.4
2027  -18061.6
2028  -18069.4
2029  -18079.6
2030  -18087.4
2031  -18097.6
2032  -18105.4
2033  -18115.6
2034  -18123.3
2035  -18133.6
2036  -18141.3
2037  -18151.5
2038  -18159.3
2039  -18169.5
2040  -18177.3
2041  -18187.5
2042  -18195.3
2043  -18205.5
2044  -18213.2
2045  -18223.5
2046  -18231.2
2047  -18241.4
2048  -18249.2
2049  -18259.4
2050  -18267.2
2051  -18277.4
2052  -18285.2
2053  -18295.4
2054  -18303.1
2055  -18313.4
2056  -18321.1
2057  -18331.3
2058  -18339.1
2059  -18349.3
2060  -18357.1
2061  -18367.3
2062  -18375.1
2063  -18385.3
2064  -18393
2065  -18403.3
2066  -18411
2067  -18421.2
2068  -18429
2069  -18439.2
2070  -18447
2071  -18457.2
2072  -18465
2073  -18475.2
2074  -18482.9
2075  -18493.2
2076  -18500.9
2077  -18511.2
2078  -18518.9
2079  -18529.1
2080  -18536.9
2081  -18547.1
2082  -18554.9
2083  -18565.1
2084  -18572.9
2085  -18583.1
2086  -18590.8
2087  -18601.1
2088  -18608.8
2089  -18619
2090  -18626.8
2091  -18637
2092  -18644.8
2093  -18655
2094  -18662.8
2095  -18673
2096  -18680.7
2097  -18691
2098  -18698.7
2099  -18708.9
2100  -18716.7
2101  -18726.9
2102  -18734.7
2103  -18744.9
2104  -18752.7
2105  -18762.9
2106  -18770.6
2107  -18780.9
2108  -18788.6
2109  -18798.8
2110  -18806.6
2111  -18816.8
2112  -18824.6
2113  -18834.8
2114  -18842.6
2115  -18852.8
2116  -18860.5
2117  -18870.8
2118  -18878.5
2119  -18888.7
2120  -18896.5
2121  -18906.7
2122  -18914.5
2123  -18924.7
2124  -18932.5
2125  -18942.7
2126  -18950.4
2127  -18960.7
2128  -18968.4
2129  -18978.6
2130  -18986.4
2131  -18996.6
2132  -19004.4
2133  -19014.6
2134  -19022.4
2135  -19032.6
2136  -19040.3
2137  -19050.6
2138  -19058.3
2139  -19068.5
2140  -19076.3
2141  -19086.5
2142  -19094.3
2143  -19104.5
2144  -19112.3
2145  -19122.5
2146  -19130.2
2147  -19140.5
2148  -19148.2
2149  -19158.4
2150  -19166.2
2151  -19176.4
2152  -19184.2
2153  -19194.4
2154  -19202.2
2155  -19212.4
2156  -19220.2
2157  -19230.4
2158  -19238.1
2159  -19248.4
2160  -19256.1
2161  -19266.3
2162  -19274.1
2163  -19284.3
2164  -19292.1
2165  -19302.3
2166  -19310.1
2167  -19320.3
2168  -19328
2169  -19338.3
2170  -19346
2171  -19356.2
2172  -19364
2173  -19374.2
2174  -19382
2175  -19392.2
2176  -19400
2177  -19410.2
2178  -19417.9
2179  -19428.2
2180  -19435.9
2181  -19446.1
2182  -19453.9
2183  -19464.1
2184  -19471.9
2185  -19482.1
2186  -19489.9
2187  -19500.1
2188  -19507.8
2189  -19518.1
2190  -19525.8
2191  -19536
2192  -19543.8
2193  -19554
2194  -19561.8
2195  -19572
2196  -19579.8
2197  -19590
2198  -19597.7
2199  -19608
2200  -19615.7
2201  -19625.9
2202  -19633.7
2203  -19643.9
2204  -19651.7
2205  -19661.9
2206  -19669.7
2207  -19679.9
2208  -19687.6
2209  -19697.9
2210  -19705.6
2211  -19715.8
2212  -19723.6
2213  -19733.8
2214  -19741.6
2215  -19751.8
2216  -19759.6
2217  -19769.8
2218  -19777.5
2219  -19787.8
2220  -19795.5
2221  -19805.7
2222  -19813.5
2223  -19823.7
2224  -19831.5
2225  -19841.7
2226  -19849.5
2227  -19859.7
2228  -19867.5
2229  -19877.7
2230  -19885.4
2231  -19895.7
2232  -19903.4
2233  -19913.6
2234  -19921.4
2235  -19931.6
2236  -19939.4
2237  -19949.6
2238  -19957.4
2239  -19967.6
2240  -19975.3
2241  -19985.6
2242  -19993.3
2243  -20003.5
2244  -20011.3
2245  -20021.5
2246  -20029.3
2247  -20039.5
2248  -20047.3
2249  -20057.5
2250  -20065.2
2251  -20075.5
2252  -20083.2
2253  -20093.4
2254  -20101.2
2255  -20111.4
2256  -20119.2
2257  -20129.4
2258  -20137.2
2259  -20147.4
2260  -20155.1
2261  -20165.4
2262  -20173.1
2263  -20183.3
2264  -20191.1
2265  -20201.3
2266  -20209.1
2267  -20219.3
2268  -20227.1
2269  -20237.3
2270  -20245
2271  -20255.3
2272  -20263
2273  -20273.2
2274  -20281
2275  -20291.2
2276  -20299
2277  -20309.2
2278  -20317
2279  -20327.2
2280  -20334.9
2281  -20345.2
2282  -20352.9
2283  -20363.1
2284  -20370.9
2285  -20381.1
2286  -20388.9
2287  -20399.1
2288  -20406.9
2289  -20417.1
2290  -20424.8
2291  -20435.1
2292  -20442.8
2293  -20453
2294  -20460.8
2295  -20471
2296  -20478.8
2297  -20489
2298  -20496.8
2299  -20507
2300  -20514.8
2301  -20525
2302  -20532.7
2303  -20543
2304  -20550.7
2305  -20560.9
2306  -20568.7
2307  -20578.9
2308  -20586.7
2309  -20596.9
2310  -20604.7
2311  -20614.9
2312  -20622.6
2313  -20632.9
2314  -20640.6
2315  -20650.8
2316  -20658.6
2317  -20668.8
2318  -20676.6
2319  -20686.8
2320  -20694.6
2321  -20704.8
2322  -20712.5
2323  -20722.8
2324  -20730.5
2325  -20740.7
2326  -20748.5
2327  -20758.7
2328  -20766.5
2329  -20776.7
2330  -20784.5
2331  -20794.7
2332  -20802.4
2333  -20812.7
2334  -20820.4
2335  -20830.6
2336  -20838.4
2337  -20848.6
2338  -20856.4
2339  -20866.6
2340  -20874.4
2341  -20884.6
2342  -20892.3
2343  -20902.6
2344  -20910.3
2345  -20920.5
2346  -20928.3
2347  -20938.5
2348  -20946.3
2349  -20956.5
2350  -20964.3
2351  -20974.5
2352  -20982.2
2353  -20992.5
2354  -21000.2
2355  -21010.4
2356  -21018.2
2357  -21028.4
2358  -21036.2
2359  -21046.4
2360  -21054.2
2361  -21064.4
2362  -21072.1
2363  -21082.4
2364  -21090.1
2365  -21100.3
2366  -21108.1
2367  -21118.3
2368  -21126.1
2369  -21136.3
2370  -21144.1
2371  -21154.3
2372  -21162.1
2373  -21172.3
2374  -21180
2375  -21190.3
2376  -21198
2377  -21208.2
2378  -21216
2379  -21226.2
2380  -21234
2381  -21244.2
2382  -21252
2383  -21262.2
2384  -21269.9
2385  -21280.2
2386  -21287.9
2387  -21298.1
2388  -21305.9
2389  -21316.1
2390  -21323.9
2391  -21334.1
2392  -21341.9
2393  -21352.1
2394  -21359.8
2395  -21370.1
2396  -21377.8
2397  -21388
2398  -21395.8
2399  -21406
2400  -21413.8
2401  -21424
2402  -21431.8
2403  -21442
2404  -21449.7
2405  -21460
2406  -21467.7
2407  -21477.9
2408  -21485.7
2409  -21495.9
2410  -21503.7
2411  -21513.9
2412  -21521.7
2413  -21531.9
2414  -21539.6
2415  -21549.9
2416  -21557.6
2417  -21567.8
2418  -21575.6
2419  -21585.8
2420  -21593.6
2421  -21603.8
2422  -21611.6
2423  -21621.8
2424  -21629.5
2425  -21639.8
2426  -21647.5
2427  -21657.7
2428  -21665.5
2429  -21675.7
2430  -21683.5
2431  -21693.7
2432  -21701.5
2433  -21711.7
2434  -21719.4
2435  -21729.7
2436  -21737.4
2437  -21747.6
2438  -21755.4
2439  -21765.6
2440  -21773.4
2441  -21783.6
2442  -21791.4
2443  -21801.6
2444  -21809.3
2445  -21819.6
2446  -21827.3
2447  -21837.6
2448  -21845.3
2449  -21855.5
2450  -21863.3
2451  -21873.5
2452  -21881.3
2453  -21891.5
2454  -21899.3
2455  -21909.5
2456  -21917.2
2457  -21927.5
2458  -21935.2
2459  -21945.4
2460  -21953.2
2461  -21963.4
2462  -21971.2
2463  -21981.4
2464  -21989.2
2465  -21999.4
2466  -22007.1
2467  -22017.4
2468  -22025.1
2469  -22035.3
2470  -22043.1
2471  -22053.3
2472  -22061.1
2473  -22071.3
2474  -22079.1
2475  -22089.3
2476  -22097
2477  -22107.3
2478  -22115
2479  -22125.2
2480  -22133
2481  -22143.2
2482  -22151
2483  -22161.2
2484  -22169
2485  -22179.2
2486  -22186.9
2487  -22197.2
2488  -22204.9
2489  -22215.1
2490  -22222.9
2491  -22233.1
2492  -22240.9
2493  -22251.1
2494  -22258.9
2495  -22269.1
2496  -22276.8
2497  -22287.1
2498  -22294.8
2499  -22305
2500  -22312.8
2501  -22323
2502  -22330.8
2503  -22341
2504  -22348.8
2505  -22359
2506  -22366.7
2507  -22377
2508  -22384.7
2509  -22394.9
2510  -22402.7
2511  -22412.9
2512  -22420.7
2513  -22430.9
2514  -22438.7
2515  -22448.9
2516  -22456.6
2517  -22466.9
2518  -22474.6
2519  -22484.8
2520  -22492.6
2521  -22502.8
2522  -22510.6
2523  -22520.8
2524  -22528.6
2525  -22538.8
2526  -22546.6
2527  -22556.8
2528  -22564.5
2529  -22574.8
2530  -22582.5
2531  -22592.7
2532  -22600.5
2533  -22610.7
2534  -22618.5
2535  -22628.7
2536  -22636.5
2537  -22646.7
2538  -22654.4
2539  -22664.7
2540  -22672.4
2541  -22682.6
2542  -22690.4
2543  -22700.6
2544  -22708.4
2545  -22718.6
2546  -22726.4
2547  -22736.6
2548  -22744.3
2549  -22754.6
2550  -22762.3
2551  -22772.5
2552  -22780.3
2553  -22790.5
2554  -22798.3
2555  -22808.5
2556  -22816.3
2557  -22826.5
2558  -22834.2
2559  -22844.5
2560  -22852.2
2561  -22862.4
2562  -22870.2
2563  -22880.4
2564  -22888.2
2565  -22898.4
2566  -22906.2
2567  -22916.4
2568  -22924.1
2569  -22934.4
2570  -22942.1
2571  -22952.3
2572  -22960.1
2573  -22970.3
2574  -22978.1
2575  -22988.3
2576  -22996.1
2577  -23006.3
2578  -23014
2579  -23024.3
2580  -23032
2581  -23042.2
2582  -23050
2583  -23060.2
2584  -23068
2585  -23078.2
2586  -23086
2587  -23096.2
2588  -23103.9
2589  -23114.2
2590  -23121.9
2591  -23132.1
2592  -23139.9
2593  -23150.1
2594  -23157.9
2595  -23168.1
2596  -23175.9
2597  -23186.1
2598  -23193.9
2599  -23204.1
2600  -23211.8
2601  -23222.1
2602  -23229.8
2603  -23240
2604  -23247.8
2605  -23258
2606  -23265.8
2607  -23276
2608  -23283.8
2609  -23294
2610  -23301.7
2611  -23312
2612  -23319.7
2613  -23329.9
2614  -23337.7
2615  -23347.9
2616  -23355.7
2617  -23365.9
2618  -23373.7
2619  -23383.9
2620  -23391.6
2621  -23401.9
2622  -23409.6
2623  -23419.8
2624  -23427.6
2625  -23437.8
2626  -23445.6
2627  -23455.8
2628  -23463.6
2629  -23473.8
2630  -23481.5
2631  -23491.8
2632  -23499.5
2633  -23509.7
2634  -23517.5
2635  -23527.7
2636  -23535.5
2637  -23545.7
2638  -23553.5
2639  -23563.7
2640  -23571.4
2641  -23581.7
2642  -23589.4
2643  -23599.6
2644  -23607.4
2645  -23617.6
2646  -23625.4
2647  -23635.6
2648  -23643.4
2649  -23653.6
2650  -23661.3
2651  -23671.6
2652  -23679.3
2653  -23689.5
2654  -23697.3
2655  -23707.5
2656  -23715.3
2657  -23725.5
2658  -23733.3
2659  -23743.5
2660  -23751.2
2661  -23761.5
2662  -23769.2
2663  -23779.4
2664  -23787.2
2665  -23797.4
2666  -23805.2
2667  -23815.4
2668  -23823.2
2669  -23833.4
2670  -23841.2
2671  -23851.4
2672  -23859.1
2673  -23869.4
2674  -23877.1
2675  -23887.3
2676  -23895.1
2677  -23905.3
2678  -23913.1
2679  -23923.3
2680  -23931.1
2681  -23941.3
2682  -23949
2683  -23959.3
2684  -23967
2685  -23977.2
2686  -23985
2687  -23995.2
2688  -24003
2689  -24013.2
2690  -24021
2691  -24031.2
2692  -24038.9
2693  -24049.2
2694  -24056.9
2695  -24067.1
2696  -24074.9
2697  -24085.1
2698  -24092.9
2699  -24103.1
2700  -24110.9
2701  -24121.1
2702  -24128.8
2703  -24139.1
2704  -24146.8
2705  -24157
2706  -24164.8
2707  -24175
2708  -24182.8
2709  -24193
2710  -24200.8
2711  -24211
2712  -24218.7
2713  -24229
2714  -24236.7
2715  -24246.9
2716  -24254.7
2717  -24264.9
2718  -24272.7
2719  -24282.9
2720  -24290.7
2721  -24300.9
2722  -24308.6
2723  -24318.9
2724  -24326.6
2725  -24336.8
2726  -24344.6
2727  -24354.8
2728  -24362.6
2729  -24372.8
2730  -24380.6
2731  -24390.8
2732  -24398.5
2733  -24408.8
2734  -24416.5
2735  -24426.7
2736  -24434.5
2737  -24444.7
2738  -24452.5
2739  -24462.7
2740  -24470.5
2741  -24480.7
2742  -24488.5
2743  -24498.7
2744  -24506.4
2745  -24516.7
2746  -24524.4
2747  -24534.6
2748  -24542.4
2749  -24552.6
2750  -24560.4
2751  -24570.6
2752  -24578.4
2753  -24588.6
2754  -24596.3
2755  -24606.6
2756  -24614.3
2757  -24624.5
2758  -24632.3
2759  -24642.5
2760  -24650.3
2761  -24660.5
2762  -24668.3
2763  -24678.5
2764  -24686.2
2765  -24696.5
2766  -24704.2
2767  -24714.4
2768  -24722.2
2769  -24732.4
2770  -24740.2
2771  -24750.4
2772  -24758.2
2773  -24768.4
2774  -24776.1
2775  -24786.4
2776  -24794.1
2777  -24804.3
2778  -24812.1
2779  -24822.3
2780  -24830.1
2781  -24840.3
2782  -24848.1
2783  -24858.3
2784  -24866
2785  -24876.3
2786  -24884
2787  -24894.2
2788  -24902
2789  -24912.2
2790  -24920
2791  -24930.2
2792  -24938
2793  -24948.2
2794  -24955.9
2795  -24966.2
2796  -24973.9
2797  -24984.1
2798  -24991.9
2799  -25002.1
2800  -25009.9
2801  -25020.1
2802  -25027.9
2803  -25038.1
2804  -25045.8
2805  -25056.1
2806  -25063.8
2807  -25074
2808  -25081.8
2809  -25092
2810  -25099.8
2811  -25110
2812  -25117.8
2813  -25128
2814  -25135.7
2815  -25146
2816  -25153.7
2817  -25164
2818  -25171.7
2819  -25181.9
2820  -25189.7
2821  -25199.9
2822  -25207.7
2823  -25217.9
2824  -25225.7
2825  -25235.9
2826  -25243.6
2827  -25253.9
2828  -25261.6
2829  -25271.8
2830  -25279.6
2831  -25289.8
2832  -25297.6
2833  -25307.8
2834  -25315.6
2835  -25325.8
2836  -25333.5
2837  -25343.8
2838  -25351.5
2839  -25361.7
2840  -25369.5
2841  -25379.7
2842  -25387.5
2843  -25397.7
2844  -25405.5
2845  -25415.7
2846  -25423.4
2847  -25433.7
2848  -25441.4
2849  -25451.6
2850  -25459.4
2851  -25469.6
2852  -25477.4
2853  -25487.6
2854  -25495.4
2855  -25505.6
2856  -25513.3
2857  -25523.6
2858  -25531.3
2859  -25541.5
2860  -25549.3
2861  -25559.5
2862  -25567.3
2863  -25577.5
2864  -25585.3
2865  -25595.5
2866  -25603.2
2867  -25613.5
2868  -25621.2
2869  -25631.4
2870  -25639.2
2871  -25649.4
2872  -25657.2
2873  -25667.4
2874  -25675.2
2875  -25685.4
2876  -25693.1
2877  -25703.4
2878  -25711.1
2879  -25721.3
2880  -25729.1
2881  -25739.3
2882  -25747.1
2883  -25757.3
2884  -25765.1
2885  -25775.3
2886  -25783
2887  -25793.3
2888  -25801
2889  -25811.2
2890  -25819
2891  -25829.2
2892  -25837
2893  -25847.2
2894  -25855
2895  -25865.2
2896  -25873
2897  -25883.2
2898  -25890.9
2899  -25901.2
2900  -25908.9
2901  -25919.1
2902  -25926.9
2903  -25937.1
2904  -25944.9
2905  -25955.1
2906  -25962.9
2907  -25973.1
2908  -25980.8
2909  -25991.1
2910  -25998.8
2911  -26009
2912  -26016.8
2913  -26027
2914  -26034.8
2915  -26045
2916  -26052.8
2917  -26063
2918  -26070.7
2919  -26081
2920  -26088.7
2921  -26098.9
2922  -26106.7
2923  -26116.9
2924  -26124.7
2925  -26134.9
2926  -26142.7
2927  -26152.9
2928  -26160.6
2929  -26170.9
2930  -26178.6
2931  -26188.8
2932  -26196.6
2933  -26206.8
2934  -26214.6
2935  -26224.8
2936  -26232.6
2937  -26242.8
2938  -26250.5
2939  -26260.8
2940  -26268.5
2941  -26278.7
2942  -26286.5
2943  -26296.7
2944  -26304.5
2945  -26314.7
2946  -26322.5
2947  -26332.7
2948  -26340.4
2949  -26350.7
2950  -26358.4
2951  -26368.6
2952  -26376.4
2953  -26386.6
2954  -26394.4
2955  -26404.6
2956  -26412.4
2957  -26422.6
2958  -26430.3
2959  -26440.6
2960  -26448.3
2961  -26458.5
2962  -26466.3
2963  -26476.5
2964  -26484.3
2965  -26494.5
2966  -26502.3
2967  -26512.5
2968  -26520.3
2969  -26530.5
2970  -26538.2
2971  -26548.5
2972  -26556.2
2973  -26566.4
2974  -26574.2
2975  -26584.4
2976  -26592.2
2977  -26602.4
2978  -26610.2
2979  -26620.4
2980  -26628.1
2981  -26638.4
2982  -26646.1
2983  -26656.3
2984  -26664.1
2985  -26674.3
2986  -26682.1
2987  -26692.3
2988  -26700.1
2989  -26710.3
2990  -26718
2991  -26728.3
2992  -26736
2993  -26746.2
2994  -26754
2995  -26764.2
2996  -26772
2997  -26782.2
2998  -26790
2999  -26800.2
3000  -26807.9
3001  -26818.2
3002  -26825.9
3003  -26836.1
3004  -26843.9
3005  -26854.1
3006  -26861.9
