1  -13.0298
2  -16.5069
3  -15.9361
4  -16.0897
5  -16.2344
6  -16.3659
7  -3.54539
8  -4.58827
9  -7.02481
10  -10.5341
11  -14.839
12  -14.7022
13  -14.839
14  -14.7022
15  -14.839
16  -20.9917
17  -25.2967
18  -25.1599
19  -25.2967
20  -31.4494
21  -39.2084
22  -42.7176
23  -50.4766
24  -53.9859
25  -61.7449
26  -65.2541
27  -73.0131
28  -76.5224
29  -80.8273
30  -86.98
31  -94.739
32  -98.2483
33  -106.007
34  -115.421
35  -126.532
36  -127.239
37  -130.051
38  -123.207
39  -123.756
40  -135.388
41  -136.504
42  -139.562
43  -144.727
44  -151.926
45  -151.781
46  -151.926
47  -136.107
48  -143.306
49  -127.487
50  -112.003
51  -97.5121
52  -100.57
53  -86.0793
54  -89.137
55  -74.6465
56  -77.5241
57  -63.0328
58  -49.8895
59  -50.438
60  -52.3468
61  -55.3245
62  -59.1106
63  -63.4788
64  -68.8486
65  -73.2169
66  -78.5866
67  -85.5011
68  -89.2871
69  -93.6554
70  -99.0252
71  -103.393
72  -108.763
73  -113.131
74  -118.501
75  -122.869
76  -128.239
77  -132.607
78  -137.977
79  -142.345
80  -147.715
81  -152.084
82  -157.453
83  -164.368
84  -172.849
85  -175.827
86  -179.613
87  -183.981
88  -189.351
89  -196.265
90  -204.747
91  -214.809
92  -216.717
93  -226.779
94  -228.688
95  -238.749
96  -250.382
97  -250.93
98  -252.839
99  -262.901
100  -264.809
101  -274.871
102  -286.503
103  -287.62
104  -290.678
105  -295.845
106  -303.047
107  -287.225
108  -294.427
