1  -13.0298
2  -16.5069
3  -16.6646
4  -16.8181
5  -16.9629
6  -17.0944
7  -19.9238
8  -25.1478
9  -32.8136
10  -42.5377
11  -25.9225
12  -35.6466
13  -19.0314
14  -28.7556
15  -12.1403
16  -21.8645
17  -5.24921
18  -14.9734
19  1.64188
20  -8.08229
21  8.53297
22  -1.1912
23  15.4241
24  5.69989
25  22.3151
26  12.591
27  29.2062
28  19.4821
29  36.0973
30  26.3732
31  42.9884
32  33.2643
33  49.8795
34  40.1553
35  56.7706
36  47.0464
37  63.6617
38  53.9375
39  70.5528
40  60.8286
41  77.4439
42  67.7197
43  84.335
44  74.6108
45  91.226
46  81.5019
47  98.1171
48  88.393
49  105.008
50  95.2841
51  111.899
52  102.175
53  118.79
54  109.066
55  125.682
56  115.957
57  132.573
58  122.848
59  139.464
60  129.74
61  146.355
62  136.631
63  153.246
64  143.522
65  160.137
66  150.413
67  167.028
68  157.304
69  173.919
70  164.195
71  180.81
72  171.086
73  187.701
74  177.977
75  194.592
76  184.868
77  201.483
78  191.759
79  208.375
80  198.65
81  215.266
82  205.542
83  222.157
84  212.433
85  229.048
86  219.324
87  235.939
88  226.215
89  242.83
90  233.106
91  249.721
92  239.997
93  256.612
94  246.888
95  263.503
96  253.779
97  270.394
98  260.67
99  277.285
100  267.561
101  284.177
102  274.452
103  291.068
104  281.343
105  297.959
106  288.235
107  304.85
108  295.126
109  311.741
110  302.017
111  318.632
112  308.908
113  325.523
114  315.799
115  332.414
116  322.69
117  339.305
118  329.581
119  346.196
120  336.472
121  353.087
122  343.363
123  359.979
124  350.254
125  366.87
126  357.145
127  373.761
128  364.037
129  380.652
130  370.928
131  387.543
132  377.819
133  394.434
134  384.71
135  401.325
136  391.601
137  408.216
138  398.492
139  415.107
140  405.383
141  421.998
142  412.274
143  428.889
144  419.165
145  435.781
146  426.056
147  442.672
148  432.947
149  449.563
150  439.839
151  456.454
152  446.73
153  463.345
154  453.621
155  470.236
156  460.512
157  477.127
158  467.403
159  484.018
160  474.294
161  490.909
162  481.185
163  497.8
164  488.076
165  504.691
166  494.967
167  511.583
168  501.858
169  518.474
170  508.749
171  525.365
172  515.641
173  532.256
174  522.532
175  539.147
176  529.423
177  546.038
178  536.314
179  552.929
180  543.205
181  559.82
182  550.096
183  566.711
184  556.987
185  573.602
186  563.878
187  580.493
188  570.769
189  587.385
190  577.66
191  594.276
192  584.551
193  601.167
194  591.443
195  608.058
196  598.334
197  614.949
198  605.225
199  621.84
200  612.116
201  628.731
202  619.007
203  635.622
204  625.898
205  642.513
206  632.789
207  649.404
208  639.68
209  656.295
210  646.571
211  663.187
212  653.462
213  670.078
214  660.353
215  676.969
216  667.245
217  683.86
218  674.136
219  690.751
220  681.027
221  697.642
222  687.918
223  704.533
224  694.809
225  711.424
226  701.7
227  718.315
228  708.591
229  725.206
230  715.482
231  732.097
232  722.373
233  738.989
234  729.264
235  745.88
236  736.155
237  752.771
238  743.047
239  759.662
240  749.938
241  766.553
242  756.829
243  773.444
244  763.72
245  780.335
246  770.611
247  787.226
248  777.502
249  794.117
250  784.393
251  801.008
252  791.284
253  807.899
254  798.175
255  814.791
256  805.066
257  821.682
258  811.957
259  828.573
260  818.849
261  835.464
262  825.74
263  842.355
264  832.631
265  849.246
266  839.522
267  856.137
268  846.413
269  863.028
270  853.304
271  869.919
272  860.195
273  876.81
274  867.086
275  883.701
276  873.977
277  890.592
278  880.868
279  897.484
280  887.759
281  904.375
282  894.651
283  911.266
284  901.542
285  918.157
286  908.433
287  925.048
288  915.324
289  931.939
290  922.215
291  938.83
292  929.106
293  945.721
294  935.997
295  952.612
296  942.888
297  959.503
298  949.779
299  966.394
300  956.67
301  973.286
302  963.561
303  980.177
304  970.452
305  987.068
306  977.344
307  993.959
308  984.235
309  1000.85
310  991.126
311  1007.74
312  998.017
313  1014.63
314  1004.91
315  1021.52
316  1011.8
317  1028.41
318  1018.69
319  1035.31
320  1025.58
321  1042.2
322  1032.47
323  1049.09
324  1039.36
325  1055.98
326  1046.25
327  1062.87
328  1053.15
329  1069.76
330  1060.04
331  1076.65
332  1066.93
333  1083.54
334  1073.82
335  1090.43
336  1080.71
337  1097.33
338  1087.6
339  1104.22
340  1094.49
341  1111.11
342  1101.38
343  1118
344  1108.27
345  1124.89
346  1115.17
347  1131.78
348  1122.06
349  1138.67
350  1128.95
351  1145.56
352  1135.84
353  1152.45
354  1142.73
355  1159.35
356  1149.62
357  1166.24
358  1156.51
359  1173.13
360  1163.4
361  1180.02
362  1170.29
363  1186.91
364  1177.19
365  1193.8
366  1184.08
367  1200.69
368  1190.97
369  1207.58
370  1197.86
371  1214.47
372  1204.75
373  1221.36
374  1211.64
375  1228.26
376  1218.53
377  1235.15
378  1225.42
379  1242.04
380  1232.31
381  1248.93
382  1239.21
383  1255.82
384  1246.1
385  1262.71
386  1252.99
387  1269.6
388  1259.88
389  1276.49
390  1266.77
391  1283.38
392  1273.66
393  1290.28
394  1280.55
395  1297.17
396  1287.44
397  1304.06
398  1294.33
399  1310.95
400  1301.22
401  1317.84
402  1308.12
403  1324.73
404  1315.01
405  1331.62
406  1321.9
407  1338.51
408  1328.79
409  1345.4
410  1335.68
411  1352.3
412  1342.57
413  1359.19
414  1349.46
415  1366.08
416  1356.35
417  1372.97
418  1363.24
419  1379.86
420  1370.14
421  1386.75
422  1377.03
423  1393.64
424  1383.92
425  1400.53
426  1390.81
427  1407.42
428  1397.7
429  1414.32
430  1404.59
431  1421.21
432  1411.48
433  1428.1
434  1418.37
435  1434.99
436  1425.26
437  1441.88
438  1432.16
439  1448.77
440  1439.05
441  1455.66
442  1445.94
443  1462.55
444  1452.83
445  1469.44
446  1459.72
447  1476.34
448  1466.61
449  1483.23
450  1473.5
451  1490.12
452  1480.39
453  1497.01
454  1487.28
455  1503.9
456  1494.18
457  1510.79
458  1501.07
459  1517.68
460  1507.96
461  1524.57
462  1514.85
463  1531.46
464  1521.74
465  1538.35
466  1528.63
467  1545.25
468  1535.52
469  1552.14
470  1542.41
471  1559.03
472  1549.3
473  1565.92
474  1556.2
475  1572.81
476  1563.09
477  1579.7
478  1569.98
479  1586.59
480  1576.87
481  1593.48
482  1583.76
483  1600.37
484  1590.65
485  1607.27
486  1597.54
487  1614.16
488  1604.43
489  1621.05
490  1611.32
491  1627.94
492  1618.21
493  1634.83
494  1625.11
495  1641.72
496  1632
497  1648.61
498  1638.89
499  1655.5
500  1645.78
501  1662.39
502  1652.67
503  1669.29
504  1659.56
505  1676.18
506  1666.45
507  1683.07
508  1673.34
509  1689.96
510  1680.23
511  1696.85
512  1687.13
513  1703.74
514  1694.02
515  1710.63
516  1700.91
517  1717.52
518  1707.8
519  1724.41
520  1714.69
521  1731.31
522  1721.58
523  1738.2
524  1728.47
525  1745.09
526  1735.36
527  1751.98
528  1742.25
529  1758.87
530  1749.15
531  1765.76
532  1756.04
533  1772.65
534  1762.93
535  1779.54
536  1769.82
537  1786.43
538  1776.71
539  1793.33
540  1783.6
541  1800.22
542  1790.49
543  1807.11
544  1797.38
545  1814
546  1804.27
547  1820.89
548  1811.17
549  1827.78
550  1818.06
551  1834.67
552  1824.95
553  1841.56
554  1831.84
555  1848.45
556  1838.73
557  1855.35
558  1845.62
559  1862.24
560  1852.51
561  1869.13
562  1859.4
563  1876.02
564  1866.29
565  1882.91
566  1873.19
567  1889.8
568  1880.08
569  1896.69
570  1886.97
571  1903.58
572  1893.86
573  1910.47
574  1900.75
575  1917.36
576  1907.64
577  1924.26
578  1914.53
579  1931.15
580  1921.42
581  1938.04
582  1928.31
583  1944.93
584  1935.21
585  1951.82
586  1942.1
587  1958.71
588  1948.99
589  1965.6
590  1955.88
591  1972.49
592  1962.77
593  1979.38
594  1969.66
595  1986.28
596  1976.55
597  1993.17
598  1983.44
599  2000.06
600  1990.33
601  2006.95
602  1997.22
603  2013.84
604  2004.12
605  2020.73
606  2011.01
607  2027.62
608  2017.9
609  2034.51
610  2024.79
611  2041.4
612  2031.68
613  2048.3
614  2038.57
615  2055.19
616  2045.46
617  2062.08
618  2052.35
619  2068.97
620  2059.24
621  2075.86
622  2066.14
623  2082.75
624  2073.03
625  2089.64
626  2079.92
627  2096.53
628  2086.81
629  2103.42
630  2093.7
631  2110.32
632  2100.59
633  2117.21
634  2107.48
635  2124.1
636  2114.37
637  2130.99
638  2121.26
639  2137.88
640  2128.16
641  2144.77
642  2135.05
643  2151.66
644  2141.94
645  2158.55
646  2148.83
647  2165.44
648  2155.72
649  2172.34
650  2162.61
651  2179.23
652  2169.5
653  2186.12
654  2176.39
655  2193.01
656  2183.28
657  2199.9
658  2190.18
659  2206.79
660  2197.07
661  2213.68
662  2203.96
663  2220.57
664  2210.85
665  2227.46
666  2217.74
667  2234.36
668  2224.63
669  2241.25
670  2231.52
671  2248.14
672  2238.41
673  2255.03
674  2245.3
675  2261.92
676  2252.2
677  2268.81
678  2259.09
679  2275.7
680  2265.98
681  2282.59
682  2272.87
683  2289.48
684  2279.76
685  2296.37
686  2286.65
687  2303.27
688  2293.54
689  2310.16
690  2300.43
691  2317.05
692  2307.32
693  2323.94
694  2314.22
695  2330.83
696  2321.11
697  2337.72
698  2328
699  2344.61
700  2334.89
701  2351.5
702  2341.78
703  2358.39
704  2348.67
705  2365.29
706  2355.56
707  2372.18
708  2362.45
709  2379.07
710  2369.34
711  2385.96
712  2376.23
713  2392.85
714  2383.13
715  2399.74
716  2390.02
717  2406.63
718  2396.91
719  2413.52
720  2403.8
721  2420.41
722  2410.69
723  2427.31
724  2417.58
725  2434.2
726  2424.47
727  2441.09
728  2431.36
729  2447.98
730  2438.25
731  2454.87
732  2445.15
733  2461.76
734  2452.04
735  2468.65
736  2458.93
737  2475.54
738  2465.82
739  2482.43
740  2472.71
741  2489.33
742  2479.6
743  2496.22
744  2486.49
745  2503.11
746  2493.38
747  2510
748  2500.27
749  2516.89
750  2507.17
751  2523.78
752  2514.06
753  2530.67
754  2520.95
755  2537.56
756  2527.84
757  2544.45
758  2534.73
759  2551.35
760  2541.62
761  2558.24
762  2548.51
763  2565.13
764  2555.4
765  2572.02
766  2562.29
767  2578.91
768  2569.19
769  2585.8
770  2576.08
771  2592.69
772  2582.97
773  2599.58
774  2589.86
775  2606.47
776  2596.75
777  2613.36
778  2603.64
779  2620.26
780  2610.53
781  2627.15
782  2617.42
783  2634.04
784  2624.31
785  2640.93
786  2631.21
787  2647.82
788  2638.1
789  2654.71
790  2644.99
791  2661.6
792  2651.88
793  2668.49
794  2658.77
795  2675.38
796  2665.66
797  2682.28
798  2672.55
799  2689.17
800  2679.44
801  2696.06
802  2686.33
803  2702.95
804  2693.22
805  2709.84
806  2700.12
807  2716.73
808  2707.01
809  2723.62
810  2713.9
811  2730.51
812  2720.79
813  2737.4
814  2727.68
815  2744.3
816  2734.57
817  2751.19
818  2741.46
819  2758.08
820  2748.35
821  2764.97
822  2755.24
823  2771.86
824  2762.14
825  2778.75
826  2769.03
827  2785.64
828  2775.92
829  2792.53
830  2782.81
831  2799.42
832  2789.7
833  2806.32
834  2796.59
835  2813.21
836  2803.48
837  2820.1
838  2810.37
839  2826.99
840  2817.26
841  2833.88
842  2824.16
843  2840.77
844  2831.05
845  2847.66
846  2837.94
847  2854.55
848  2844.83
849  2861.44
850  2851.72
851  2868.34
852  2858.61
853  2875.23
854  2865.5
855  2882.12
856  2872.39
857  2889.01
858  2879.28
859  2895.9
860  2886.18
861  2902.79
862  2893.07
863  2909.68
864  2899.96
865  2916.57
866  2906.85
867  2923.46
868  2913.74
869  2930.36
870  2920.63
871  2937.25
872  2927.52
873  2944.14
874  2934.41
875  2951.03
876  2941.3
877  2957.92
878  2948.2
879  2964.81
880  2955.09
881  2971.7
882  2961.98
883  2978.59
884  2968.87
885  2985.48
886  2975.76
887  2992.37
888  2982.65
889  2999.27
890  2989.54
891  3006.16
892  2996.43
893  3013.05
894  3003.32
895  3019.94
896  3010.22
897  3026.83
898  3017.11
899  3033.72
900  3024
901  3040.61
902  3030.89
903  3047.5
904  3037.78
905  3054.39
906  3044.67
907  3061.29
908  3051.56
909  3068.18
910  3058.45
911  3075.07
912  3065.34
913  3081.96
914  3072.23
915  3088.85
916  3079.13
917  3095.74
918  3086.02
919  3102.63
920  3092.91
921  3109.52
922  3099.8
923  3116.41
924  3106.69
925  3123.31
926  3113.58
927  3130.2
928  3120.47
929  3137.09
930  3127.36
931  3143.98
932  3134.25
933  3150.87
934  3141.15
935  3157.76
936  3148.04
937  3164.65
938  3154.93
939  3171.54
940  3161.82
941  3178.43
942  3168.71
943  3185.33
944  3175.6
945  3192.22
946  3182.49
947  3199.11
948  3189.38
949  3206
950  3196.27
951  3212.89
952  3203.17
953  3219.78
954  3210.06
955  3226.67
956  3216.95
957  3233.56
958  3223.84
959  3240.45
960  3230.73
961  3247.35
962  3237.62
963  3254.24
964  3244.51
965  3261.13
966  3251.4
967  3268.02
968  3258.29
969  3274.91
970  3265.19
971  3281.8
972  3272.08
973  3288.69
974  3278.97
975  3295.58
976  3285.86
977  3302.47
978  3292.75
979  3309.37
980  3299.64
981  3316.26
982  3306.53
983  3323.15
984  3313.42
985  3330.04
986  3320.31
987  3336.93
988  3327.21
989  3343.82
990  3334.1
991  3350.71
992  3340.99
993  3357.6
994  3347.88
995  3364.49
996  3354.77
997  3371.38
998  3361.66
999  3378.28
1000  3368.55
1001  3385.17
1002  3375.44
1003  3392.06
1004  3382.33
1005  3398.95
1006  3389.23
1007  3405.84
1008  3396.12
1009  3412.73
1010  3403.01
1011  3419.62
1012  3409.9
1013  3426.51
1014  3416.79
1015  3433.4
1016  3423.68
1017  3440.3
1018  3430.57
1019  3447.19
1020  3437.46
1021  3454.08
1022  3444.35
1023  3460.97
1024  3451.24
1025  3467.86
1026  3458.14
1027  3474.75
1028  3465.03
1029  3481.64
1030  3471.92
1031  3488.53
1032  3478.81
1033  3495.42
1034  3485.7
1035  3502.32
1036  3492.59
1037  3509.21
1038  3499.48
1039  3516.1
1040  3506.37
1041  3522.99
1042  3513.26
1043  3529.88
1044  3520.16
1045  3536.77
1046  3527.05
1047  3543.66
1048  3533.94
1049  3550.55
1050  3540.83
1051  3557.44
1052  3547.72
1053  3564.34
1054  3554.61
1055  3571.23
1056  3561.5
1057  3578.12
1058  3568.39
1059  3585.01
1060  3575.28
1061  3591.9
1062  3582.18
1063  3598.79
1064  3589.07
1065  3605.68
1066  3595.96
1067  3612.57
1068  3602.85
1069  3619.46
1070  3609.74
1071  3626.36
1072  3616.63
1073  3633.25
1074  3623.52
1075  3640.14
1076  3630.41
1077  3647.03
1078  3637.3
1079  3653.92
1080  3644.2
1081  3660.81
1082  3651.09
1083  3667.7
1084  3657.98
1085  3674.59
1086  3664.87
1087  3681.48
1088  3671.76
1089  3688.38
1090  3678.65
1091  3695.27
1092  3685.54
1093  3702.16
1094  3692.43
1095  3709.05
1096  3699.32
1097  3715.94
1098  3706.22
1099  3722.83
1100  3713.11
1101  3729.72
1102  3720
1103  3736.61
1104  3726.89
1105  3743.5
1106  3733.78
1107  3750.39
1108  3740.67
1109  3757.29
1110  3747.56
1111  3764.18
1112  3754.45
1113  3771.07
1114  3761.34
1115  3777.96
1116  3768.24
1117  3784.85
1118  3775.13
1119  3791.74
1120  3782.02
1121  3798.63
1122  3788.91
1123  3805.52
1124  3795.8
1125  3812.41
1126  3802.69
1127  3819.31
1128  3809.58
1129  3826.2
1130  3816.47
1131  3833.09
1132  3823.36
1133  3839.98
1134  3830.25
1135  3846.87
1136  3837.15
1137  3853.76
1138  3844.04
1139  3860.65
1140  3850.93
1141  3867.54
1142  3857.82
1143  3874.43
1144  3864.71
1145  3881.33
1146  3871.6
1147  3888.22
1148  3878.49
1149  3895.11
1150  3885.38
1151  3902
1152  3892.27
1153  3908.89
1154  3899.17
1155  3915.78
1156  3906.06
1157  3922.67
1158  3912.95
1159  3929.56
1160  3919.84
1161  3936.45
1162  3926.73
1163  3943.35
1164  3933.62
1165  3950.24
1166  3940.51
1167  3957.13
1168  3947.4
1169  3964.02
1170  3954.29
1171  3970.91
1172  3961.19
1173  3977.8
1174  3968.08
1175  3984.69
1176  3974.97
1177  3991.58
1178  3981.86
1179  3998.47
1180  3988.75
1181  4005.37
1182  3995.64
1183  4012.26
1184  4002.53
1185  4019.15
1186  4009.42
1187  4026.04
1188  4016.31
1189  4032.93
1190  4023.21
1191  4039.82
1192  4030.1
1193  4046.71
1194  4036.99
1195  4053.6
1196  4043.88
1197  4060.49
1198  4050.77
1199  4067.38
1200  4057.66
1201  4074.28
1202  4064.55
1203  4081.17
1204  4071.44
1205  4088.06
1206  4078.33
1207  4094.95
1208  4085.23
1209  4101.84
1210  4092.12
1211  4108.73
1212  4099.01
1213  4115.62
1214  4105.9
1215  4122.51
1216  4112.79
1217  4129.4
1218  4119.68
1219  4136.3
1220  4126.57
1221  4143.19
1222  4133.46
1223  4150.08
1224  4140.35
1225  4156.97
1226  4147.24
1227  4163.86
1228  4154.14
1229  4170.75
1230  4161.03
1231  4177.64
1232  4167.92
1233  4184.53
1234  4174.81
1235  4191.42
1236  4181.7
1237  4198.32
1238  4188.59
1239  4205.21
1240  4195.48
1241  4212.1
1242  4202.37
1243  4218.99
1244  4209.26
1245  4225.88
1246  4216.16
1247  4232.77
1248  4223.05
1249  4239.66
1250  4229.94
1251  4246.55
1252  4236.83
1253  4253.44
1254  4243.72
1255  4260.34
1256  4250.61
1257  4267.23
1258  4257.5
1259  4274.12
1260  4264.39
1261  4281.01
1262  4271.28
1263  4287.9
1264  4278.18
1265  4294.79
1266  4285.07
1267  4301.68
1268  4291.96
1269  4308.57
1270  4298.85
1271  4315.46
1272  4305.74
1273  4322.36
1274  4312.63
1275  4329.25
1276  4319.52
1277  4336.14
1278  4326.41
1279  4343.03
1280  4333.3
1281  4349.92
1282  4340.2
1283  4356.81
1284  4347.09
1285  4363.7
1286  4353.98
1287  4370.59
1288  4360.87
1289  4377.48
1290  4367.76
1291  4384.38
1292  4374.65
1293  4391.27
1294  4381.54
1295  4398.16
1296  4388.43
1297  4405.05
1298  4395.32
1299  4411.94
1300  4402.22
1301  4418.83
1302  4409.11
1303  4425.72
1304  4416
1305  4432.61
1306  4422.89
1307  4439.5
1308  4429.78
1309  4446.39
1310  4436.67
1311  4453.29
1312  4443.56
1313  4460.18
1314  4450.45
1315  4467.07
1316  4457.34
1317  4473.96
1318  4464.24
1319  4480.85
1320  4471.13
1321  4487.74
1322  4478.02
1323  4494.63
1324  4484.91
1325  4501.52
1326  4491.8
1327  4508.41
1328  4498.69
1329  4515.31
1330  4505.58
1331  4522.2
1332  4512.47
1333  4529.09
1334  4519.36
1335  4535.98
1336  4526.25
1337  4542.87
1338  4533.15
1339  4549.76
1340  4540.04
1341  4556.65
1342  4546.93
1343  4563.54
1344  4553.82
1345  4570.43
1346  4560.71
1347  4577.33
1348  4567.6
1349  4584.22
1350  4574.49
1351  4591.11
1352  4581.38
1353  4598
1354  4588.27
1355  4604.89
1356  4595.17
1357  4611.78
1358  4602.06
1359  4618.67
1360  4608.95
1361  4625.56
1362  4615.84
1363  4632.45
1364  4622.73
1365  4639.35
1366  4629.62
1367  4646.24
1368  4636.51
1369  4653.13
1370  4643.4
1371  4660.02
1372  4650.29
1373  4666.91
1374  4657.19
1375  4673.8
1376  4664.08
1377  4680.69
1378  4670.97
1379  4687.58
1380  4677.86
1381  4694.47
1382  4684.75
1383  4701.37
1384  4691.64
1385  4708.26
1386  4698.53
1387  4715.15
1388  4705.42
1389  4722.04
1390  4712.31
1391  4728.93
1392  4719.21
1393  4735.82
1394  4726.1
1395  4742.71
1396  4732.99
1397  4749.6
1398  4739.88
1399  4756.49
1400  4746.77
1401  4763.39
1402  4753.66
1403  4770.28
1404  4760.55
1405  4777.17
1406  4767.44
1407  4784.06
1408  4774.33
1409  4790.95
1410  4781.23
1411  4797.84
1412  4788.12
1413  4804.73
1414  4795.01
1415  4811.62
1416  4801.9
1417  4818.51
1418  4808.79
1419  4825.4
1420  4815.68
1421  4832.3
1422  4822.57
1423  4839.19
1424  4829.46
1425  4846.08
1426  4836.35
1427  4852.97
1428  4843.25
1429  4859.86
1430  4850.14
1431  4866.75
1432  4857.03
1433  4873.64
1434  4863.92
1435  4880.53
1436  4870.81
1437  4887.42
1438  4877.7
1439  4894.32
1440  4884.59
1441  4901.21
1442  4891.48
1443  4908.1
1444  4898.37
1445  4914.99
1446  4905.26
1447  4921.88
1448  4912.16
1449  4928.77
1450  4919.05
1451  4935.66
1452  4925.94
1453  4942.55
1454  4932.83
1455  4949.44
1456  4939.72
1457  4956.34
1458  4946.61
1459  4963.23
1460  4953.5
1461  4970.12
1462  4960.39
1463  4977.01
1464  4967.28
1465  4983.9
1466  4974.18
1467  4990.79
1468  4981.07
1469  4997.68
1470  4987.96
1471  5004.57
1472  4994.85
1473  5011.46
1474  5001.74
1475  5018.36
1476  5008.63
1477  5025.25
1478  5015.52
1479  5032.14
1480  5022.41
1481  5039.03
1482  5029.3
1483  5045.92
1484  5036.2
1485  5052.81
1486  5043.09
1487  5059.7
1488  5049.98
1489  5066.59
1490  5056.87
1491  5073.48
1492  5063.76
1493  5080.38
1494  5070.65
1495  5087.27
1496  5077.54
1497  5094.16
1498  5084.43
1499  5101.05
1500  5091.32
1501  5107.94
1502  5098.22
1503  5114.83
1504  5105.11
1505  5121.72
1506  5112
1507  5128.61
1508  5118.89
1509  5135.5
1510  5125.78
1511  5142.4
1512  5132.67
1513  5149.29
1514  5139.56
1515  5156.18
1516  5146.45
1517  5163.07
1518  5153.34
1519  5169.96
1520  5160.24
1521  5176.85
1522  5167.13
1523  5183.74
1524  5174.02
1525  5190.63
1526  5180.91
1527  5197.52
1528  5187.8
1529  5204.41
1530  5194.69
1531  5211.31
1532  5201.58
1533  5218.2
1534  5208.47
1535  5225.09
1536  5215.36
1537  5231.98
1538  5222.26
1539  5238.87
1540  5229.15
1541  5245.76
1542  5236.04
1543  5252.65
1544  5242.93
1545  5259.54
1546  5249.82
1547  5266.43
1548  5256.71
1549  5273.33
1550  5263.6
1551  5280.22
1552  5270.49
1553  5287.11
1554  5277.38
1555  5294
1556  5284.27
1557  5300.89
1558  5291.17
1559  5307.78
1560  5298.06
1561  5314.67
1562  5304.95
1563  5321.56
1564  5311.84
1565  5328.45
1566  5318.73
1567  5335.35
1568  5325.62
1569  5342.24
1570  5332.51
1571  5349.13
1572  5339.4
1573  5356.02
1574  5346.29
1575  5362.91
1576  5353.19
1577  5369.8
1578  5360.08
1579  5376.69
1580  5366.97
1581  5383.58
1582  5373.86
1583  5390.47
1584  5380.75
1585  5397.37
1586  5387.64
1587  5404.26
1588  5394.53
1589  5411.15
1590  5401.42
1591  5418.04
1592  5408.31
1593  5424.93
1594  5415.21
1595  5431.82
1596  5422.1
1597  5438.71
1598  5428.99
1599  5445.6
1600  5435.88
1601  5452.49
1602  5442.77
1603  5459.39
1604  5449.66
1605  5466.28
1606  5456.55
1607  5473.17
1608  5463.44
1609  5480.06
1610  5470.33
1611  5486.95
1612  5477.23
1613  5493.84
1614  5484.12
1615  5500.73
1616  5491.01
1617  5507.62
1618  5497.9
1619  5514.51
1620  5504.79
1621  5521.4
1622  5511.68
1623  5528.3
1624  5518.57
1625  5535.19
1626  5525.46
1627  5542.08
1628  5532.35
1629  5548.97
1630  5539.25
1631  5555.86
1632  5546.14
1633  5562.75
1634  5553.03
1635  5569.64
1636  5559.92
1637  5576.53
1638  5566.81
1639  5583.42
1640  5573.7
1641  5590.32
1642  5580.59
1643  5597.21
1644  5587.48
1645  5604.1
1646  5594.37
1647  5610.99
1648  5601.26
1649  5617.88
1650  5608.16
1651  5624.77
1652  5615.05
1653  5631.66
1654  5621.94
1655  5638.55
1656  5628.83
1657  5645.44
1658  5635.72
1659  5652.34
1660  5642.61
1661  5659.23
1662  5649.5
1663  5666.12
1664  5656.39
1665  5673.01
1666  5663.28
1667  5679.9
1668  5670.18
1669  5686.79
1670  5677.07
1671  5693.68
1672  5683.96
1673  5700.57
1674  5690.85
1675  5707.46
1676  5697.74
1677  5714.36
1678  5704.63
1679  5721.25
1680  5711.52
1681  5728.14
1682  5718.41
1683  5735.03
1684  5725.3
1685  5741.92
1686  5732.2
1687  5748.81
1688  5739.09
1689  5755.7
1690  5745.98
1691  5762.59
1692  5752.87
1693  5769.48
1694  5759.76
1695  5776.38
1696  5766.65
1697  5783.27
1698  5773.54
1699  5790.16
1700  5780.43
1701  5797.05
1702  5787.32
1703  5803.94
1704  5794.22
1705  5810.83
1706  5801.11
1707  5817.72
1708  5808
1709  5824.61
1710  5814.89
1711  5831.5
1712  5821.78
1713  5838.4
1714  5828.67
1715  5845.29
1716  5835.56
1717  5852.18
1718  5842.45
1719  5859.07
1720  5849.34
1721  5865.96
1722  5856.24
1723  5872.85
1724  5863.13
1725  5879.74
1726  5870.02
1727  5886.63
1728  5876.91
1729  5893.52
1730  5883.8
1731  5900.41
1732  5890.69
1733  5907.31
1734  5897.58
1735  5914.2
1736  5904.47
1737  5921.09
1738  5911.36
1739  5927.98
1740  5918.26
1741  5934.87
1742  5925.15
1743  5941.76
1744  5932.04
1745  5948.65
1746  5938.93
1747  5955.54
1748  5945.82
1749  5962.43
1750  5952.71
1751  5969.33
1752  5959.6
1753  5976.22
1754  5966.49
1755  5983.11
1756  5973.38
1757  5990
1758  5980.27
1759  5996.89
1760  5987.17
1761  6003.78
1762  5994.06
1763  6010.67
1764  6000.95
1765  6017.56
1766  6007.84
1767  6024.45
1768  6014.73
1769  6031.35
1770  6021.62
1771  6038.24
1772  6028.51
1773  6045.13
1774  6035.4
1775  6052.02
1776  6042.29
1777  6058.91
1778  6049.19
1779  6065.8
1780  6056.08
1781  6072.69
1782  6062.97
1783  6079.58
1784  6069.86
1785  6086.47
1786  6076.75
1787  6093.37
1788  6083.64
1789  6100.26
1790  6090.53
1791  6107.15
1792  6097.42
1793  6114.04
1794  6104.31
1795  6120.93
1796  6111.21
1797  6127.82
1798  6118.1
1799  6134.71
1800  6124.99
1801  6141.6
1802  6131.88
1803  6148.49
1804  6138.77
1805  6155.39
1806  6145.66
1807  6162.28
1808  6152.55
1809  6169.17
1810  6159.44
1811  6176.06
1812  6166.33
1813  6182.95
1814  6173.23
1815  6189.84
1816  6180.12
1817  6196.73
1818  6187.01
1819  6203.62
1820  6193.9
1821  6210.51
1822  6200.79
1823  6217.41
1824  6207.68
1825  6224.3
1826  6214.57
1827  6231.19
1828  6221.46
1829  6238.08
1830  6228.35
1831  6244.97
1832  6235.25
1833  6251.86
1834  6242.14
1835  6258.75
1836  6249.03
1837  6265.64
1838  6255.92
1839  6272.53
1840  6262.81
1841  6279.42
1842  6269.7
1843  6286.32
1844  6276.59
1845  6293.21
1846  6283.48
1847  6300.1
1848  6290.37
1849  6306.99
1850  6297.27
1851  6313.88
1852  6304.16
1853  6320.77
1854  6311.05
1855  6327.66
1856  6317.94
1857  6334.55
1858  6324.83
1859  6341.44
1860  6331.72
1861  6348.34
1862  6338.61
1863  6355.23
1864  6345.5
1865  6362.12
1866  6352.39
1867  6369.01
1868  6359.28
1869  6375.9
1870  6366.18
1871  6382.79
1872  6373.07
1873  6389.68
1874  6379.96
1875  6396.57
1876  6386.85
1877  6403.46
1878  6393.74
1879  6410.36
1880  6400.63
1881  6417.25
1882  6407.52
1883  6424.14
1884  6414.41
1885  6431.03
1886  6421.3
1887  6437.92
1888  6428.2
1889  6444.81
1890  6435.09
1891  6451.7
1892  6441.98
1893  6458.59
1894  6448.87
1895  6465.48
1896  6455.76
1897  6472.38
1898  6462.65
1899  6479.27
1900  6469.54
1901  6486.16
1902  6476.43
1903  6493.05
1904  6483.32
1905  6499.94
1906  6490.22
1907  6506.83
1908  6497.11
1909  6513.72
1910  6504
1911  6520.61
1912  6510.89
1913  6527.5
1914  6517.78
1915  6534.4
1916  6524.67
1917  6541.29
1918  6531.56
1919  6548.18
1920  6538.45
1921  6555.07
1922  6545.34
1923  6561.96
1924  6552.24
1925  6568.85
1926  6559.13
1927  6575.74
1928  6566.02
1929  6582.63
1930  6572.91
1931  6589.52
1932  6579.8
1933  6596.42
1934  6586.69
1935  6603.31
1936  6593.58
1937  6610.2
1938  6600.47
1939  6617.09
1940  6607.36
1941  6623.98
1942  6614.26
1943  6630.87
1944  6621.15
1945  6637.76
1946  6628.04
1947  6644.65
1948  6634.93
1949  6651.54
1950  6641.82
1951  6658.43
1952  6648.71
1953  6665.33
1954  6655.6
1955  6672.22
1956  6662.49
1957  6679.11
1958  6669.38
1959  6686
1960  6676.28
1961  6692.89
1962  6683.17
1963  6699.78
1964  6690.06
1965  6706.67
1966  6696.95
1967  6713.56
1968  6703.84
1969  6720.45
1970  6710.73
1971  6727.35
1972  6717.62
1973  6734.24
1974  6724.51
1975  6741.13
1976  6731.4
1977  6748.02
1978  6738.29
1979  6754.91
1980  6745.19
1981  6761.8
1982  6752.08
1983  6768.69
1984  6758.97
1985  6775.58
1986  6765.86
1987  6782.47
1988  6772.75
1989  6789.37
1990  6779.64
1991  6796.26
1992  6786.53
1993  6803.15
1994  6793.42
1995  6810.04
1996  6800.31
1997  6816.93
1998  6807.21
1999  6823.82
2000  6814.1
2001  6830.71
2002  6820.99
2003  6837.6
2004  6827.88
2005  6844.49
2006  6834.77
2007  6851.39
2008  6841.66
2009  6858.28
2010  6848.55
2011  6865.17
2012  6855.44
2013  6872.06
2014  6862.33
2015  6878.95
2016  6869.23
2017  6885.84
2018  6876.12
2019  6892.73
2020  6883.01
2021  6899.62
2022  6889.9
2023  6906.51
2024  6896.79
2025  6913.41
2026  6903.68
2027  6920.3
2028  6910.57
2029  6927.19
2030  6917.46
2031  6934.08
2032  6924.35
2033  6940.97
2034  6931.25
2035  6947.86
2036  6938.14
2037  6954.75
2038  6945.03
2039  6961.64
2040  6951.92
2041  6968.53
2042  6958.81
2043  6975.42
2044  6965.7
2045  6982.32
2046  6972.59
2047  6989.21
2048  6979.48
2049  6996.1
2050  6986.37
2051  7002.99
2052  6993.27
2053  7009.88
2054  7000.16
2055  7016.77
2056  7007.05
2057  7023.66
2058  7013.94
2059  7030.55
2060  7020.83
2061  7037.44
2062  7027.72
2063  7044.34
2064  7034.61
2065  7051.23
2066  7041.5
2067  7058.12
2068  7048.39
2069  7065.01
2070  7055.28
2071  7071.9
2072  7062.18
2073  7078.79
2074  7069.07
2075  7085.68
2076  7075.96
2077  7092.57
2078  7082.85
2079  7099.46
2080  7089.74
2081  7106.36
2082  7096.63
2083  7113.25
2084  7103.52
2085  7120.14
2086  7110.41
2087  7127.03
2088  7117.3
2089  7133.92
2090  7124.2
2091  7140.81
2092  7131.09
2093  7147.7
2094  7137.98
2095  7154.59
2096  7144.87
2097  7161.48
2098  7151.76
2099  7168.38
2100  7158.65
2101  7175.27
2102  7165.54
2103  7182.16
2104  7172.43
2105  7189.05
2106  7179.32
2107  7195.94
2108  7186.22
2109  7202.83
2110  7193.11
2111  7209.72
2112  7200
2113  7216.61
2114  7206.89
2115  7223.5
2116  7213.78
2117  7230.4
2118  7220.67
2119  7237.29
2120  7227.56
2121  7244.18
2122  7234.45
2123  7251.07
2124  7241.34
2125  7257.96
2126  7248.24
2127  7264.85
2128  7255.13
2129  7271.74
2130  7262.02
2131  7278.63
2132  7268.91
2133  7285.52
2134  7275.8
2135  7292.42
2136  7282.69
2137  7299.31
2138  7289.58
2139  7306.2
2140  7296.47
2141  7313.09
2142  7303.36
2143  7319.98
2144  7310.26
2145  7326.87
2146  7317.15
2147  7333.76
2148  7324.04
2149  7340.65
2150  7330.93
2151  7347.54
2152  7337.82
2153  7354.43
2154  7344.71
2155  7361.33
2156  7351.6
2157  7368.22
2158  7358.49
2159  7375.11
2160  7365.38
2161  7382
2162  7372.28
2163  7388.89
2164  7379.17
2165  7395.78
2166  7386.06
2167  7402.67
2168  7392.95
2169  7409.56
2170  7399.84
2171  7416.45
2172  7406.73
2173  7423.35
2174  7413.62
2175  7430.24
2176  7420.51
2177  7437.13
2178  7427.4
2179  7444.02
2180  7434.29
2181  7450.91
2182  7441.19
2183  7457.8
2184  7448.08
2185  7464.69
2186  7454.97
2187  7471.58
2188  7461.86
2189  7478.47
2190  7468.75
2191  7485.37
2192  7475.64
2193  7492.26
2194  7482.53
2195  7499.15
2196  7489.42
2197  7506.04
2198  7496.31
2199  7512.93
2200  7503.21
2201  7519.82
2202  7510.1
2203  7526.71
2204  7516.99
2205  7533.6
2206  7523.88
2207  7540.49
2208  7530.77
2209  7547.39
2210  7537.66
2211  7554.28
2212  7544.55
2213  7561.17
2214  7551.44
2215  7568.06
2216  7558.33
2217  7574.95
2218  7565.23
2219  7581.84
2220  7572.12
2221  7588.73
2222  7579.01
2223  7595.62
2224  7585.9
2225  7602.51
2226  7592.79
2227  7609.41
2228  7599.68
2229  7616.3
2230  7606.57
2231  7623.19
2232  7613.46
2233  7630.08
2234  7620.35
2235  7636.97
2236  7627.25
2237  7643.86
2238  7634.14
2239  7650.75
2240  7641.03
2241  7657.64
2242  7647.92
2243  7664.53
2244  7654.81
2245  7671.43
2246  7661.7
2247  7678.32
2248  7668.59
2249  7685.21
2250  7675.48
2251  7692.1
2252  7682.37
2253  7698.99
2254  7689.27
2255  7705.88
2256  7696.16
2257  7712.77
2258  7703.05
2259  7719.66
2260  7709.94
2261  7726.55
2262  7716.83
2263  7733.44
2264  7723.72
2265  7740.34
2266  7730.61
2267  7747.23
2268  7737.5
2269  7754.12
2270  7744.39
2271  7761.01
2272  7751.29
2273  7767.9
2274  7758.18
2275  7774.79
2276  7765.07
2277  7781.68
2278  7771.96
2279  7788.57
2280  7778.85
2281  7795.46
2282  7785.74
2283  7802.36
2284  7792.63
2285  7809.25
2286  7799.52
2287  7816.14
2288  7806.41
2289  7823.03
2290  7813.3
2291  7829.92
2292  7820.2
2293  7836.81
2294  7827.09
2295  7843.7
2296  7833.98
2297  7850.59
2298  7840.87
2299  7857.48
2300  7847.76
2301  7864.38
2302  7854.65
2303  7871.27
2304  7861.54
2305  7878.16
2306  7868.43
2307  7885.05
2308  7875.32
2309  7891.94
2310  7882.22
2311  7898.83
2312  7889.11
2313  7905.72
2314  7896
2315  7912.61
2316  7902.89
2317  7919.5
2318  7909.78
2319  7926.4
2320  7916.67
2321  7933.29
2322  7923.56
2323  7940.18
2324  7930.45
2325  7947.07
2326  7937.34
2327  7953.96
2328  7944.24
2329  7960.85
2330  7951.13
2331  7967.74
2332  7958.02
2333  7974.63
2334  7964.91
2335  7981.52
2336  7971.8
2337  7988.42
2338  7978.69
2339  7995.31
2340  7985.58
2341  8002.2
2342  7992.47
2343  8009.09
2344  7999.36
2345  8015.98
2346  8006.26
2347  8022.87
2348  8013.15
2349  8029.76
2350  8020.04
2351  8036.65
2352  8026.93
2353  8043.54
2354  8033.82
2355  8050.44
2356  8040.71
2357  8057.33
2358  8047.6
2359  8064.22
2360  8054.49
2361  8071.11
2362  8061.38
2363  8078
2364  8068.28
2365  8084.89
2366  8075.17
2367  8091.78
2368  8082.06
2369  8098.67
2370  8088.95
2371  8105.56
2372  8095.84
2373  8112.45
2374  8102.73
2375  8119.35
2376  8109.62
2377  8126.24
2378  8116.51
2379  8133.13
2380  8123.4
2381  8140.02
2382  8130.3
2383  8146.91
2384  8137.19
2385  8153.8
2386  8144.08
2387  8160.69
2388  8150.97
2389  8167.58
2390  8157.86
2391  8174.47
2392  8164.75
2393  8181.37
2394  8171.64
2395  8188.26
2396  8178.53
2397  8195.15
2398  8185.42
2399  8202.04
2400  8192.31
2401  8208.93
2402  8199.21
2403  8215.82
2404  8206.1
2405  8222.71
2406  8212.99
2407  8229.6
2408  8219.88
2409  8236.49
2410  8226.77
2411  8243.39
2412  8233.66
2413  8250.28
2414  8240.55
2415  8257.17
2416  8247.44
2417  8264.06
2418  8254.33
2419  8270.95
2420  8261.23
2421  8277.84
2422  8268.12
2423  8284.73
2424  8275.01
2425  8291.62
2426  8281.9
2427  8298.51
2428  8288.79
2429  8305.41
2430  8295.68
2431  8312.3
2432  8302.57
2433  8319.19
2434  8309.46
2435  8326.08
2436  8316.35
2437  8332.97
2438  8323.25
2439  8339.86
2440  8330.14
2441  8346.75
2442  8337.03
2443  8353.64
2444  8343.92
2445  8360.53
2446  8350.81
2447  8367.43
2448  8357.7
2449  8374.32
2450  8364.59
2451  8381.21
2452  8371.48
2453  8388.1
2454  8378.37
2455  8394.99
2456  8385.27
2457  8401.88
2458  8392.16
2459  8408.77
2460  8399.05
2461  8415.66
2462  8405.94
2463  8422.55
2464  8412.83
2465  8429.44
2466  8419.72
2467  8436.34
2468  8426.61
2469  8443.23
2470  8433.5
2471  8450.12
2472  8440.39
2473  8457.01
2474  8447.29
2475  8463.9
2476  8454.18
2477  8470.79
2478  8461.07
2479  8477.68
2480  8467.96
2481  8484.57
2482  8474.85
2483  8491.46
2484  8481.74
2485  8498.36
2486  8488.63
2487  8505.25
2488  8495.52
2489  8512.14
2490  8502.41
2491  8519.03
2492  8509.3
2493  8525.92
2494  8516.2
2495  8532.81
2496  8523.09
2497  8539.7
2498  8529.98
2499  8546.59
2500  8536.87
2501  8553.48
2502  8543.76
2503  8560.38
2504  8550.65
2505  8567.27
2506  8557.54
2507  8574.16
2508  8564.43
2509  8581.05
2510  8571.32
2511  8587.94
2512  8578.22
2513  8594.83
2514  8585.11
2515  8601.72
2516  8592
2517  8608.61
2518  8598.89
2519  8615.5
2520  8605.78
2521  8622.4
2522  8612.67
2523  8629.29
2524  8619.56
2525  8636.18
2526  8626.45
2527  8643.07
2528  8633.34
2529  8649.96
2530  8640.24
2531  8656.85
2532  8647.13
2533  8663.74
2534  8654.02
2535  8670.63
2536  8660.91
2537  8677.52
2538  8667.8
2539  8684.42
2540  8674.69
2541  8691.31
2542  8681.58
2543  8698.2
2544  8688.47
2545  8705.09
2546  8695.36
2547  8711.98
2548  8702.26
2549  8718.87
2550  8709.15
2551  8725.76
2552  8716.04
2553  8732.65
2554  8722.93
2555  8739.54
2556  8729.82
2557  8746.44
2558  8736.71
2559  8753.33
2560  8743.6
2561  8760.22
2562  8750.49
2563  8767.11
2564  8757.38
2565  8774
2566  8764.28
2567  8780.89
2568  8771.17
2569  8787.78
2570  8778.06
2571  8794.67
2572  8784.95
2573  8801.56
2574  8791.84
2575  8808.45
2576  8798.73
2577  8815.35
2578  8805.62
2579  8822.24
2580  8812.51
2581  8829.13
2582  8819.4
2583  8836.02
2584  8826.3
2585  8842.91
2586  8833.19
2587  8849.8
2588  8840.08
2589  8856.69
2590  8846.97
2591  8863.58
2592  8853.86
2593  8870.47
2594  8860.75
2595  8877.37
2596  8867.64
2597  8884.26
2598  8874.53
2599  8891.15
2600  8881.42
2601  8898.04
2602  8888.31
2603  8904.93
2604  8895.21
2605  8911.82
2606  8902.1
2607  8918.71
2608  8908.99
2609  8925.6
2610  8915.88
2611  8932.49
2612  8922.77
2613  8939.39
2614  8929.66
2615  8946.28
2616  8936.55
2617  8953.17
2618  8943.44
2619  8960.06
2620  8950.33
2621  8966.95
2622  8957.23
2623  8973.84
2624  8964.12
2625  8980.73
2626  8971.01
2627  8987.62
2628  8977.9
2629  8994.51
2630  8984.79
2631  9001.41
2632  8991.68
2633  9008.3
2634  8998.57
2635  9015.19
2636  9005.46
2637  9022.08
2638  9012.35
2639  9028.97
2640  9019.25
2641  9035.86
2642  9026.14
2643  9042.75
2644  9033.03
2645  9049.64
2646  9039.92
2647  9056.53
2648  9046.81
2649  9063.43
2650  9053.7
2651  9070.32
2652  9060.59
2653  9077.21
2654  9067.48
2655  9084.1
2656  9074.37
2657  9090.99
2658  9081.27
2659  9097.88
2660  9088.16
2661  9104.77
2662  9095.05
2663  9111.66
2664  9101.94
2665  9118.55
2666  9108.83
2667  9125.45
2668  9115.72
2669  9132.34
2670  9122.61
2671  9139.23
2672  9129.5
2673  9146.12
2674  9136.39
2675  9153.01
2676  9143.29
2677  9159.9
2678  9150.18
2679  9166.79
2680  9157.07
2681  9173.68
2682  9163.96
2683  9180.57
2684  9170.85
2685  9187.46
2686  9177.74
2687  9194.36
2688  9184.63
2689  9201.25
2690  9191.52
2691  9208.14
2692  9198.41
2693  9215.03
2694  9205.31
2695  9221.92
2696  9212.2
2697  9228.81
2698  9219.09
2699  9235.7
2700  9225.98
2701  9242.59
2702  9232.87
2703  9249.48
2704  9239.76
2705  9256.38
2706  9246.65
2707  9263.27
2708  9253.54
2709  9270.16
2710  9260.43
2711  9277.05
2712  9267.32
2713  9283.94
2714  9274.22
2715  9290.83
2716  9281.11
2717  9297.72
2718  9288
2719  9304.61
2720  9294.89
2721  9311.5
2722  9301.78
2723  9318.4
2724  9308.67
2725  9325.29
2726  9315.56
2727  9332.18
2728  9322.45
2729  9339.07
2730  9329.34
2731  9345.96
2732  9336.24
2733  9352.85
2734  9343.13
2735  9359.74
2736  9350.02
2737  9366.63
2738  9356.91
2739  9373.52
2740  9363.8
2741  9380.42
2742  9370.69
2743  9387.31
2744  9377.58
2745  9394.2
2746  9384.47
2747  9401.09
2748  9391.36
2749  9407.98
2750  9398.26
2751  9414.87
2752  9405.15
2753  9421.76
2754  9412.04
2755  9428.65
2756  9418.93
2757  9435.54
2758  9425.82
2759  9442.44
2760  9432.71
2761  9449.33
2762  9439.6
2763  9456.22
2764  9446.49
2765  9463.11
2766  9453.38
2767  9470
2768  9460.28
2769  9476.89
2770  9467.17
2771  9483.78
2772  9474.06
2773  9490.67
2774  9480.95
2775  9497.56
2776  9487.84
2777  9504.46
2778  9494.73
2779  9511.35
2780  9501.62
2781  9518.24
2782  9508.51
2783  9525.13
2784  9515.4
2785  9532.02
2786  9522.3
2787  9538.91
2788  9529.19
2789  9545.8
2790  9536.08
2791  9552.69
2792  9542.97
2793  9559.58
2794  9549.86
2795  9566.47
2796  9556.75
2797  9573.37
2798  9563.64
2799  9580.26
2800  9570.53
2801  9587.15
2802  9577.42
2803  9594.04
2804  9584.32
2805  9600.93
2806  9591.21
2807  9607.82
2808  9598.1
2809  9614.71
2810  9604.99
2811  9621.6
2812  9611.88
2813  9628.49
2814  9618.77
2815  9635.39
2816  9625.66
2817  9642.28
2818  9632.55
2819  9649.17
2820  9639.44
2821  9656.06
2822  9646.33
2823  9662.95
2824  9653.23
2825  9669.84
2826  9660.12
2827  9676.73
2828  9667.01
2829  9683.62
2830  9673.9
2831  9690.51
2832  9680.79
2833  9697.41
2834  9687.68
2835  9704.3
2836  9694.57
2837  9711.19
2838  9701.46
2839  9718.08
2840  9708.35
2841  9724.97
2842  9715.25
2843  9731.86
2844  9722.14
2845  9738.75
2846  9729.03
2847  9745.64
2848  9735.92
2849  9752.53
2850  9742.81
2851  9759.43
2852  9749.7
2853  9766.32
2854  9756.59
2855  9773.21
2856  9763.48
2857  9780.1
2858  9770.37
2859  9786.99
2860  9777.27
2861  9793.88
2862  9784.16
2863  9800.77
2864  9791.05
2865  9807.66
2866  9797.94
2867  9814.55
2868  9804.83
2869  9821.45
2870  9811.72
2871  9828.34
2872  9818.61
2873  9835.23
2874  9825.5
2875  9842.12
2876  9832.39
2877  9849.01
2878  9839.29
2879  9855.9
2880  9846.18
2881  9862.79
2882  9853.07
2883  9869.68
2884  9859.96
2885  9876.57
2886  9866.85
2887  9883.46
2888  9873.74
2889  9890.36
2890  9880.63
2891  9897.25
2892  9887.52
2893  9904.14
2894  9894.41
2895  9911.03
2896  9901.31
2897  9917.92
2898  9908.2
2899  9924.81
2900  9915.09
2901  9931.7
2902  9921.98
2903  9938.59
2904  9928.87
2905  9945.48
2906  9935.76
2907  9952.38
2908  9942.65
2909  9959.27
2910  9949.54
2911  9966.16
2912  9956.43
2913  9973.05
2914  9963.32
2915  9979.94
2916  9970.22
2917  9986.83
2918  9977.11
2919  9993.72
2920  9984
2921  10000.6
2922  9990.89
2923  10007.5
2924  9997.78
2925  10014.4
2926  10004.7
2927  10021.3
2928  10011.6
2929  10028.2
2930  10018.5
2931  10035.1
2932  10025.3
2933  10042
2934  10032.2
2935  10048.9
2936  10039.1
2937  10055.7
2938  10046
2939  10062.6
2940  10052.9
2941  10069.5
2942  10059.8
2943  10076.4
2944  10066.7
2945  10083.3
2946  10073.6
2947  10090.2
2948  10080.5
2949  10097.1
2950  10087.4
2951  10104
2952  10094.3
2953  10110.9
2954  10101.1
2955  10117.8
2956  10108
2957  10124.7
2958  10114.9
2959  10131.5
2960  10121.8
2961  10138.4
2962  10128.7
2963  10145.3
2964  10135.6
2965  10152.2
2966  10142.5
2967  10159.1
2968  10149.4
2969  10166
2970  10156.3
2971  10172.9
2972  10163.2
2973  10179.8
2974  10170.1
2975  10186.7
2976  10176.9
2977  10193.6
2978  10183.8
2979  10200.5
2980  10190.7
2981  10207.3
2982  10197.6
2983  10214.2
2984  10204.5
2985  10221.1
2986  10211.4
2987  10228
2988  10218.3
2989  10234.9
2990  10225.2
2991  10241.8
2992  10232.1
2993  10248.7
2994  10239
2995  10255.6
2996  10245.9
2997  10262.5
2998  10252.8
2999  10269.4
3000  10259.6
3001  10276.3
3002  10266.5
3003  10283.1
3004  10273.4
3005  10290
3006  10280.3
3007  10296.9
3008  10287.2
3009  10303.8
3010  10294.1
3011  10310.7
3012  10301
3013  10317.6
3014  10307.9
3015  10324.5
3016  10314.8
3017  10331.4
3018  10321.7
3019  10338.3
3020  10328.6
3021  10345.2
3022  10335.4
3023  10352.1
3024  10342.3
3025  10359
3026  10349.2
3027  10365.8
3028  10356.1
3029  10372.7
3030  10363
3031  10379.6
3032  10369.9
3033  10386.5
3034  10376.8
3035  10393.4
3036  10383.7
3037  10400.3
3038  10390.6
3039  10407.2
3040  10397.5
3041  10414.1
3042  10404.4
3043  10421
3044  10411.2
3045  10427.9
3046  10418.1
3047  10434.8
3048  10425
3049  10441.6
3050  10431.9
3051  10448.5
3052  10438.8
3053  10455.4
3054  10445.7
3055  10462.3
3056  10452.6
3057  10469.2
3058  10459.5
3059  10476.1
3060  10466.4
3061  10483
3062  10473.3
3063  10489.9
3064  10480.2
3065  10496.8
3066  10487
3067  10503.7
3068  10493.9
3069  10510.6
3070  10500.8
3071  10517.4
3072  10507.7
3073  10524.3
3074  10514.6
3075  10531.2
3076  10521.5
3077  10538.1
3078  10528.4
3079  10545
3080  10535.3
3081  10551.9
3082  10542.2
3083  10558.8
3084  10549.1
3085  10565.7
3086  10556
3087  10572.6
3088  10562.8
3089  10579.5
3090  10569.7
3091  10586.4
3092  10576.6
3093  10593.2
3094  10583.5
3095  10600.1
3096  10590.4
3097  10607
3098  10597.3
3099  10613.9
3100  10604.2
3101  10620.8
3102  10611.1
3103  10627.7
3104  10618
3105  10634.6
3106  10624.9
3107  10641.5
3108  10631.8
3109  10648.4
3110  10638.7
3111  10655.3
3112  10645.5
3113  10662.2
3114  10652.4
3115  10669
3116  10659.3
3117  10675.9
3118  10666.2
3119  10682.8
3120  10673.1
3121  10689.7
3122  10680
3123  10696.6
3124  10686.9
3125  10703.5
3126  10693.8
3127  10710.4
3128  10700.7
3129  10717.3
3130  10707.6
3131  10724.2
3132  10714.5
3133  10731.1
3134  10721.3
3135  10738
3136  10728.2
3137  10744.9
3138  10735.1
3139  10751.7
3140  10742
3141  10758.6
3142  10748.9
3143  10765.5
3144  10755.8
3145  10772.4
3146  10762.7
3147  10779.3
3148  10769.6
3149  10786.2
3150  10776.5
3151  10793.1
3152  10783.4
3153  10800
3154  10790.3
3155  10806.9
3156  10797.1
3157  10813.8
3158  10804
3159  10820.7
3160  10810.9
3161  10827.5
3162  10817.8
3163  10834.4
3164  10824.7
3165  10841.3
3166  10831.6
3167  10848.2
3168  10838.5
3169  10855.1
3170  10845.4
3171  10862
3172  10852.3
3173  10868.9
3174  10859.2
3175  10875.8
3176  10866.1
3177  10882.7
3178  10872.9
3179  10889.6
3180  10879.8
3181  10896.5
3182  10886.7
3183  10903.3
3184  10893.6
3185  10910.2
3186  10900.5
3187  10917.1
3188  10907.4
3189  10924
3190  10914.3
3191  10930.9
3192  10921.2
3193  10937.8
3194  10928.1
3195  10944.7
3196  10935
3197  10951.6
3198  10941.9
3199  10958.5
3200  10948.8
3201  10965.4
3202  10955.6
3203  10972.3
3204  10962.5
3205  10979.1
3206  10969.4
3207  10986
3208  10976.3
3209  10992.9
3210  10983.2
3211  10999.8
3212  10990.1
3213  11006.7
3214  10997
3215  11013.6
3216  11003.9
3217  11020.5
3218  11010.8
3219  11027.4
3220  11017.7
3221  11034.3
3222  11024.6
3223  11041.2
3224  11031.4
3225  11048.1
3226  11038.3
3227  11055
3228  11045.2
3229  11061.8
3230  11052.1
3231  11068.7
3232  11059
3233  11075.6
3234  11065.9
3235  11082.5
3236  11072.8
3237  11089.4
3238  11079.7
3239  11096.3
3240  11086.6
3241  11103.2
3242  11093.5
3243  11110.1
3244  11100.4
3245  11117
3246  11107.2
3247  11123.9
3248  11114.1
3249  11130.8
3250  11121
3251  11137.6
3252  11127.9
3253  11144.5
3254  11134.8
3255  11151.4
3256  11141.7
3257  11158.3
3258  11148.6
3259  11165.2
3260  11155.5
3261  11172.1
3262  11162.4
3263  11179
3264  11169.3
3265  11185.9
3266  11176.2
3267  11192.8
3268  11183
3269  11199.7
3270  11189.9
3271  11206.6
3272  11196.8
3273  11213.4
3274  11203.7
3275  11220.3
3276  11210.6
3277  11227.2
3278  11217.5
3279  11234.1
3280  11224.4
3281  11241
3282  11231.3
3283  11247.9
3284  11238.2
3285  11254.8
3286  11245.1
3287  11261.7
3288  11252
3289  11268.6
3290  11258.8
3291  11275.5
3292  11265.7
3293  11282.4
3294  11272.6
3295  11289.2
3296  11279.5
3297  11296.1
3298  11286.4
3299  11303
3300  11293.3
3301  11309.9
3302  11300.2
3303  11316.8
3304  11307.1
3305  11323.7
3306  11314
3307  11330.6
3308  11320.9
3309  11337.5
3310  11327.8
3311  11344.4
3312  11334.7
3313  11351.3
3314  11341.5
3315  11358.2
3316  11348.4
3317  11365
3318  11355.3
3319  11371.9
3320  11362.2
3321  11378.8
3322  11369.1
3323  11385.7
3324  11376
3325  11392.6
3326  11382.9
3327  11399.5
3328  11389.8
3329  11406.4
3330  11396.7
3331  11413.3
3332  11403.6
3333  11420.2
3334  11410.5
3335  11427.1
3336  11417.3
3337  11434
3338  11424.2
3339  11440.9
3340  11431.1
3341  11447.7
3342  11438
3343  11454.6
3344  11444.9
3345  11461.5
3346  11451.8
3347  11468.4
3348  11458.7
3349  11475.3
3350  11465.6
3351  11482.2
3352  11472.5
3353  11489.1
3354  11479.4
3355  11496
3356  11486.3
3357  11502.9
3358  11493.1
3359  11509.8
3360  11500
3361  11516.7
3362  11506.9
3363  11523.5
3364  11513.8
3365  11530.4
3366  11520.7
3367  11537.3
3368  11527.6
3369  11544.2
3370  11534.5
3371  11551.1
3372  11541.4
3373  11558
3374  11548.3
3375  11564.9
3376  11555.2
3377  11571.8
3378  11562.1
3379  11578.7
3380  11568.9
3381  11585.6
3382  11575.8
3383  11592.5
3384  11582.7
3385  11599.3
3386  11589.6
3387  11606.2
3388  11596.5
3389  11613.1
3390  11603.4
3391  11620
3392  11610.3
3393  11626.9
3394  11617.2
3395  11633.8
3396  11624.1
3397  11640.7
3398  11631
3399  11647.6
3400  11637.9
3401  11654.5
3402  11644.8
3403  11661.4
3404  11651.6
3405  11668.3
3406  11658.5
3407  11675.1
3408  11665.4
3409  11682
3410  11672.3
3411  11688.9
3412  11679.2
3413  11695.8
3414  11686.1
3415  11702.7
3416  11693
3417  11709.6
3418  11699.9
3419  11716.5
3420  11706.8
3421  11723.4
3422  11713.7
3423  11730.3
3424  11720.6
3425  11737.2
3426  11727.4
3427  11744.1
3428  11734.3
3429  11751
3430  11741.2
3431  11757.8
3432  11748.1
3433  11764.7
3434  11755
3435  11771.6
3436  11761.9
3437  11778.5
3438  11768.8
3439  11785.4
3440  11775.7
3441  11792.3
3442  11782.6
3443  11799.2
3444  11789.5
3445  11806.1
3446  11796.4
3447  11813
3448  11803.2
3449  11819.9
3450  11810.1
3451  11826.8
3452  11817
3453  11833.6
3454  11823.9
3455  11840.5
3456  11830.8
3457  11847.4
3458  11837.7
3459  11854.3
3460  11844.6
3461  11861.2
3462  11851.5
3463  11868.1
3464  11858.4
3465  11875
3466  11865.3
3467  11881.9
3468  11872.2
3469  11888.8
3470  11879
3471  11895.7
3472  11885.9
3473  11902.6
3474  11892.8
3475  11909.4
3476  11899.7
3477  11916.3
3478  11906.6
3479  11923.2
3480  11913.5
3481  11930.1
3482  11920.4
3483  11937
3484  11927.3
3485  11943.9
3486  11934.2
3487  11950.8
3488  11941.1
3489  11957.7
3490  11948
3491  11964.6
3492  11954.8
3493  11971.5
3494  11961.7
3495  11978.4
3496  11968.6
3497  11985.2
3498  11975.5
3499  11992.1
3500  11982.4
3501  11999
3502  11989.3
3503  12005.9
3504  11996.2
3505  12012.8
3506  12003.1
3507  12019.7
3508  12010
3509  12026.6
3510  12016.9
3511  12033.5
3512  12023.8
3513  12040.4
3514  12030.7
3515  12047.3
3516  12037.5
3517  12054.2
3518  12044.4
3519  12061
3520  12051.3
3521  12067.9
3522  12058.2
3523  12074.8
3524  12065.1
3525  12081.7
3526  12072
3527  12088.6
3528  12078.9
3529  12095.5
3530  12085.8
3531  12102.4
3532  12092.7
3533  12109.3
3534  12099.6
3535  12116.2
3536  12106.5
3537  12123.1
3538  12113.3
3539  12130
3540  12120.2
3541  12136.9
3542  12127.1
3543  12143.7
3544  12134
3545  12150.6
3546  12140.9
3547  12157.5
3548  12147.8
3549  12164.4
3550  12154.7
3551  12171.3
3552  12161.6
3553  12178.2
3554  12168.5
3555  12185.1
3556  12175.4
3557  12192
3558  12182.3
3559  12198.9
3560  12189.1
3561  12205.8
3562  12196
3563  12212.7
3564  12202.9
3565  12219.5
3566  12209.8
3567  12226.4
3568  12216.7
3569  12233.3
3570  12223.6
3571  12240.2
3572  12230.5
3573  12247.1
3574  12237.4
3575  12254
3576  12244.3
3577  12260.9
3578  12251.2
3579  12267.8
3580  12258.1
3581  12274.7
3582  12264.9
3583  12281.6
3584  12271.8
3585  12288.5
3586  12278.7
3587  12295.3
3588  12285.6
3589  12302.2
3590  12292.5
3591  12309.1
3592  12299.4
3593  12316
3594  12306.3
3595  12322.9
3596  12313.2
3597  12329.8
3598  12320.1
3599  12336.7
3600  12327
3601  12343.6
3602  12333.9
3603  12350.5
3604  12340.8
3605  12357.4
3606  12347.6
3607  12364.3
3608  12354.5
3609  12371.1
3610  12361.4
3611  12378
3612  12368.3
3613  12384.9
3614  12375.2
3615  12391.8
3616  12382.1
3617  12398.7
3618  12389
3619  12405.6
3620  12395.9
3621  12412.5
3622  12402.8
3623  12419.4
3624  12409.7
3625  12426.3
3626  12416.6
3627  12433.2
3628  12423.4
3629  12440.1
3630  12430.3
3631  12447
3632  12437.2
3633  12453.8
3634  12444.1
3635  12460.7
3636  12451
3637  12467.6
3638  12457.9
3639  12474.5
3640  12464.8
3641  12481.4
3642  12471.7
3643  12488.3
3644  12478.6
3645  12495.2
3646  12485.5
3647  12502.1
3648  12492.4
3649  12509
3650  12499.2
3651  12515.9
3652  12506.1
3653  12522.8
3654  12513
3655  12529.6
3656  12519.9
3657  12536.5
3658  12526.8
3659  12543.4
3660  12533.7
3661  12550.3
3662  12540.6
3663  12557.2
3664  12547.5
3665  12564.1
3666  12554.4
3667  12571
3668  12561.3
3669  12577.9
3670  12568.2
3671  12584.8
3672  12575
3673  12591.7
3674  12581.9
3675  12598.6
3676  12588.8
3677  12605.4
3678  12595.7
3679  12612.3
3680  12602.6
3681  12619.2
3682  12609.5
3683  12626.1
3684  12616.4
3685  12633
3686  12623.3
3687  12639.9
3688  12630.2
3689  12646.8
3690  12637.1
3691  12653.7
3692  12644
3693  12660.6
3694  12650.9
3695  12667.5
3696  12657.7
3697  12674.4
3698  12664.6
3699  12681.2
3700  12671.5
3701  12688.1
3702  12678.4
3703  12695
3704  12685.3
3705  12701.9
3706  12692.2
3707  12708.8
3708  12699.1
3709  12715.7
3710  12706
3711  12722.6
3712  12712.9
3713  12729.5
3714  12719.8
3715  12736.4
3716  12726.7
3717  12743.3
3718  12733.5
3719  12750.2
3720  12740.4
3721  12757
3722  12747.3
3723  12763.9
3724  12754.2
3725  12770.8
3726  12761.1
3727  12777.7
3728  12768
3729  12784.6
3730  12774.9
3731  12791.5
3732  12781.8
3733  12798.4
3734  12788.7
3735  12805.3
3736  12795.6
3737  12812.2
3738  12802.5
3739  12819.1
3740  12809.3
3741  12826
3742  12816.2
3743  12832.9
3744  12823.1
3745  12839.7
3746  12830
3747  12846.6
3748  12836.9
3749  12853.5
3750  12843.8
3751  12860.4
3752  12850.7
3753  12867.3
3754  12857.6
3755  12874.2
3756  12864.5
3757  12881.1
3758  12871.4
3759  12888
3760  12878.3
3761  12894.9
3762  12885.1
3763  12901.8
3764  12892
3765  12908.7
3766  12898.9
3767  12915.5
3768  12905.8
3769  12922.4
3770  12912.7
3771  12929.3
3772  12919.6
3773  12936.2
3774  12926.5
