1  11.3715
2  23.2716
3  23.2716
4  10.9159
5  -0.984184
6  -8.1355
7  -15.9591
8  -4.67655
9  7.68119
10  21.1611
11  35.9017
12  52.2369
13  35.9017
14  21.1611
15  7.68119
16  -4.67655
17  7.68119
18  21.1611
19  35.9017
20  52.2369
21  35.9017
22  21.1611
23  7.68119
24  -4.67655
25  -15.9591
26  -24.3259
27  -35.6084
28  -43.9752
29  -55.2577
30  -63.6245
31  -72.3639
32  -81.2376
33  -94.7175
34  -107.075
35  -118.358
36  -126.725
37  -138.007
38  -146.374
39  -157.656
40  -166.023
41  -177.306
42  -185.672
43  -196.955
44  -205.322
45  -216.604
46  -224.971
47  -233.711
48  -242.584
49  -256.064
50  -268.422
51  -279.704
52  -288.071
53  -279.704
54  -289.914
55  -297.737
56  -307.947
57  -300.795
58  -307.947
