----------Weights------------
0.7671438 0.9943541 0.0513016 0.8745994 0.5784173 0.7043672 0.9452498 0.9523911 0.9104587 0.6498611 0.8679159 0.4222541 0.2078005 0.4781335 0.0234687 0.4710532 0.6338084 0.3634144 0.3997314 0.6993927 0.8433790 0.8751488 0.2352367 0.3673513 0.9490951 0.5353252 0.1345866 0.4354381 0.9128086 0.9752190 0.7404096 0.9508042 0.8497879 0.7686087 0.2568438 0.8149358 0.0267342 0.3405255 0.4228950 0.7881405 0.9013337 0.6172674 0.1756645 0.7712333 0.5609302 0.9587390 0.7687307 0.3350322 0.9736625 0.5771661 
0.8101749 0.0484329 0.0835902 0.7266457 0.5765557 0.1789911 0.8350169 0.7504501 0.9729606 0.6542253 0.9786370 0.7983032 0.9250771 0.0046693 0.6252632 0.0662862 0.8298593 0.5262307 0.3879208 0.8136540 0.2902921 0.4441053 0.5868709 0.4290902 0.1884518 0.6909391 0.5571459 0.4867397 0.5129551 0.3979308 0.9093600 0.5557115 0.9562975 0.6659749 0.1306192 0.1472823 0.5377972 0.9770501 0.3859066 0.6152532 0.0997955 0.4362621 0.5572375 0.3285928 0.6409803 0.8657491 0.6071352 0.4035768 0.2003540 0.2551347 
0.6615802 0.4396496 0.4711142 0.6740928 0.7681814 0.8983123 0.5769219 0.1771905 0.0580462 0.2364269 0.3729972 0.3055818 0.8724937 0.7781304 0.3382672 0.1365703 0.7052522 0.7826167 0.5544603 0.4043092 0.5208289 0.6734825 0.3345134 0.8899197 0.4459670 0.2518387 0.0205390 0.7142247 0.8356273 0.2253487 0.1383404 0.4373302 0.1622974 0.8976409 0.1768853 0.8743858 0.5107883 0.6192816 0.3054292 0.7665029 0.3682363 0.3600269 0.6534928 0.9724723 0.9172033 0.7457808 0.6452223 0.5396893 0.4926603 0.9035920 
0.8552507 0.8993194 0.2786035 0.4714499 0.7988525 0.9441816 0.4517045 0.8466140 0.9883724 0.1986755 0.3649403 0.3074435 0.3674734 0.1075472 0.2665792 0.2135685 0.8244575 0.3770257 0.2595294 0.9338359 0.0921964 0.6026795 0.7688223 0.1728263 0.0894498 0.8094424 0.3527635 0.2347789 0.6151006 0.1675161 0.8275399 0.3294778 0.0270089 0.3485519 0.7141636 0.3138829 0.5834529 0.9278848 0.5663625 0.6840419 0.6226081 0.9969787 0.1594287 0.5622425 0.0871303 0.4341258 0.8433485 0.8293100 0.4725486 0.3032319 
0.6098514 0.3359172 0.1813410 0.4755089 0.4705954 0.9786676 0.8906217 0.7781610 0.1113010 0.2983184 0.9376202 0.7853023 0.4077273 0.2296213 0.0078127 0.2189703 0.9896237 0.4377575 0.3854183 0.3745842 0.2255013 0.1155126 0.5179907 0.5690481 0.0678121 0.3891415 0.0195318 0.0555437 0.0978423 0.0738243 0.6776635 0.4627522 0.4652547 0.3655202 0.2527238 0.4798425 0.3316141 0.7112949 0.4807886 0.7021393 0.0336009 0.6141240 0.7980895 0.9023103 0.8989532 0.6479995 0.1990722 0.1335795 0.1409040 0.5381329 
0.8858913 0.1586657 0.7862178 0.7789850 0.6508072 0.5084689 0.3394879 0.2442091 0.6567278 0.2738121 0.1568041 0.4430677 0.0640889 0.9973144 0.9002655 0.2358776 0.9689627 0.3040254 0.2488784 0.5354778 0.6176336 0.3434553 0.0458998 0.5540941 0.4777367 0.3475448 0.2663961 0.8289132 0.2963652 0.8383129 0.8935209 0.9000214 0.5311136 0.3110446 0.2115848 0.9454024 0.0291452 0.6442763 0.8465529 0.7959838 0.6817225 0.8469497 0.3271584 0.4612262 0.9563280 0.5933409 0.0926542 0.8154241 0.1977599 0.4351634 
0.5496689 0.2718894 0.7841426 0.3599658 0.7421796 0.6934416 0.9151280 0.5754265 0.4319285 0.7900327 0.9359722 0.5125278 0.6989959 0.9598682 0.4377880 0.3545030 0.6636860 0.8540910 0.6922208 0.5764946 0.3914914 0.3986938 0.2755821 0.1109653 0.5564745 0.3043611 0.6539811 0.8944975 0.5713065 0.4075747 0.8112125 0.1018403 0.4507279 0.1224097 0.8826258 0.2071596 0.6234321 0.5343486 0.1387982 0.3933836 0.9172948 0.3759270 0.5718253 0.0373852 0.7866146 0.1468551 0.6395154 0.7763909 0.7402875 0.5229347 
0.8598285 0.1627857 0.2853481 0.0089419 0.8733177 0.1018403 0.1481063 0.8491470 0.8989837 0.6134526 0.7499619 0.1130100 0.3010346 0.4536271 0.3651540 0.1697134 0.1300089 0.1063570 0.8379772 0.2923368 0.6867885 0.3104038 0.6991791 0.7495651 0.2471389 0.4527116 0.1018403 0.2084109 0.8152409 0.8854946 0.3422346 0.2835170 0.8276009 0.6625874 0.0899991 0.6512345 0.1067232 0.7411420 0.9135716 0.1746879 0.8156377 0.3015229 0.3420820 0.5099948 0.0341807 0.7106845 0.3946043 0.1446577 0.8415174 0.5759453 
0.1192053 0.2297433 0.4396191 0.8451796 0.0735191 0.7651906 0.3526414 0.1986145 0.0784936 0.0040590 0.9522691 0.8756371 0.4301279 0.0653096 0.2908109 0.4122440 0.9689016 0.9709769 0.2971587 0.8139897 0.0008545 0.5990783 0.8845790 0.0968047 0.3074435 0.8670919 0.4398938 0.2070986 0.8188421 0.2739036 0.1876278 0.0715659 0.2179327 0.1926023 0.1019318 0.2368236 0.9217200 0.6151006 0.1139866 0.2714316 0.6368603 0.9290445 0.9276711 0.1221656 0.4590594 0.1711478 0.6855983 0.2999359 0.2696921 0.4711753 
0.9465011 0.8121891 0.7048555 0.7932066 0.7814570 0.8428297 0.6834010 0.6236763 0.1036409 0.0283822 0.1970885 0.7779473 0.9188513 0.0174261 0.5103305 0.1771294 0.6277657 0.9880673 0.5540941 0.8737144 0.7380902 0.9267251 0.5965453 0.8626362 0.6238289 0.9228492 0.8572954 0.1160619 0.2611164 0.5609607 0.9640797 0.5410627 0.2634053 0.6684774 0.5739311 0.8332469 0.6719260 0.9646290 0.3191321 0.2648091 0.3785821 0.9635609 0.3246559 0.6297189 0.8118229 0.3672903 0.7222816 0.4533219 0.1574450 0.2537004 
0.1037629 0.1215857 0.7597278 0.5397504 0.6441847 0.9473556 0.1111179 0.0508744 0.5472274 0.7703482 0.6044801 0.4940641 0.7391278 0.1427351 0.9968261 0.9294107 0.0168462 0.1527451 0.2682272 0.9214759 0.0703146 0.3640858 0.7475204 0.4433119 0.2692953 0.7387921 0.7076632 0.5006867 0.2498245 0.4327830 0.6027100 0.3021027 0.7616199 0.4929960 0.3668325 0.2575762 0.8283639 0.5263833 0.9009980 0.1688284 0.1628468 0.4219794 0.1974242 0.3305460 0.5981628 0.3937803 0.1424909 0.9702139 0.3594165 0.5483566 
0.2105167 0.8419752 0.0643025 0.9514756 0.3163549 0.9253517 0.2844325 0.2555315 0.2071902 0.1043123 0.0772423 0.5560167 0.8557085 0.7442244 0.2735374 0.5392926 0.1659902 0.0331431 0.2737815 0.6969207 0.9908444 0.1055025 0.2255928 0.5889767 0.0503555 0.4589068 0.1610157 0.6071047 0.6967986 0.8406934 0.7590869 0.2609027 0.2756432 0.3460189 0.3376568 0.9900204 0.3234657 0.6104312 0.2139958 0.9663381 0.9466536 0.5638905 0.3823969 0.3438520 0.0415662 0.7245094 0.0243538 0.7802057 0.1256447 0.2047792 
0.6129337 0.5608692 0.4454787 0.3718986 0.8050172 0.0102542 0.2994781 0.1171606 0.2239753 0.0497452 0.7592700 0.6710105 0.7652516 0.5238807 0.2983184 0.9639576 0.5179601 0.9046602 0.6340220 0.9452498 0.7934812 0.2923063 0.5157933 0.7930235 0.5793634 0.7491684 0.3784906 0.3147374 0.6348155 0.9813837 0.7322001 0.8409680 0.4460891 0.8401440 0.0734581 0.1698050 0.6947539 0.4044618 0.1266213 0.8220771 0.8287912 0.8408765 0.6609699 0.4690390 0.0171514 0.2785424 0.5864132 0.2251350 0.2602313 0.4423048 
0.5121616 0.1351665 0.6574297 0.3988159 0.6604205 0.9819330 0.5269326 0.4062014 0.4581439 0.0257271 0.8569903 0.7596667 0.2300485 0.2897122 0.0153203 0.8268685 0.8223212 0.2661519 0.3350932 0.7329630 0.3298441 0.3222449 0.5045320 0.3395489 0.8848231 0.6647847 0.0269478 0.2727439 0.5918455 0.8129826 0.8610187 0.7547533 0.5121616 0.4696493 0.7074190 0.5817438 0.0492264 0.9145177 0.7988525 0.1767632 0.4799036 0.4414197 0.1515244 0.1749321 0.0643941 0.7184973 0.6208686 0.7143773 0.3581957 0.6130253 
0.8637349 0.8035829 0.0965911 0.3125706 0.6443678 0.7560045 0.7454756 0.2221747 0.1830805 0.7967467 0.8021180 0.0295724 0.3399762 0.8514359 0.5876339 0.7652516 0.7452010 0.5469527 0.0244453 0.8943754 0.5183874 0.5726798 0.6267586 0.7899411 0.1171300 0.0326243 0.4203619 0.1590930 0.6308176 0.5924863 0.9856563 0.0921659 0.5244301 0.3787652 0.2826014 0.9197058 0.6430250 0.2490616 0.1122471 0.8153935 0.6442457 0.6378979 0.1829890 0.1761528 0.4598224 0.8895230 0.1482589 0.7743461 0.9898679 0.5728935 
0.4633320 0.7967162 0.5601672 0.0096133 0.1781060 0.8476821 0.7637562 0.6640522 0.7044588 0.2281869 0.2468337 0.8597064 0.9721366 0.5755486 0.2214728 0.2759484 0.7694937 0.9558397 0.6520280 0.4748680 0.7122410 0.4370556 0.4692526 0.5926084 0.9400006 0.7944273 0.4807276 0.4930876 0.9483016 0.3746452 0.2402112 0.0658284 0.9798578 0.8824427 0.6975921 0.6418958 0.1788690 0.6223945 0.7082430 0.5344401 0.9027985 0.9136021 0.8253731 0.6593524 0.9948119 0.5968200 0.1033662 0.7624134 0.9144566 0.8457900 
0.9466231 0.6405835 0.4875637 0.1632435 0.0608234 0.8737449 0.5310831 0.6010010 0.1836604 0.2381664 0.2632527 0.5022431 0.7125767 0.2147588 0.9573962 0.8800623 0.5947447 0.5986816 0.1932127 0.6813257 0.8986480 0.3548082 0.4175848 0.4643391 0.1261330 0.1650746 0.9333476 0.2544939 0.9809259 0.6118656 0.1205176 0.1119724 0.9130528 0.0461440 0.6282235 0.7177953 0.7677236 0.7558214 0.5389569 0.3935667 0.9634083 0.5210425 0.9563280 0.9918516 0.2073122 0.4109928 0.7637867 0.9647816 0.7853633 0.4587848 
0.7198096 0.1427351 0.3555406 0.3314920 0.2745750 0.5395978 0.6513260 0.1789605 0.4093448 0.1360820 0.4224067 0.5941954 0.5515000 0.1942198 0.4539933 0.7155370 0.9744865 0.9346294 0.3723869 0.4480728 0.2227546 0.0165410 0.6234321 0.3295389 0.9976196 0.2710044 0.6017640 0.3507492 0.8807642 0.4308603 0.1652577 0.4761193 0.5742668 0.1055635 0.9200110 0.1514634 0.5469222 0.8844264 0.6066164 0.8977325 0.5120701 0.7877743 0.9312113 0.1115452 0.1177099 0.6970122 0.9613941 0.9012116 0.2558977 0.5955077 
0.5379803 0.3629261 0.6935636 0.8202765 0.1505783 0.0312510 0.4004639 0.5594348 0.7362285 0.8795740 0.3903317 0.6152837 0.8009888 0.4041566 0.2865078 0.1940062 0.0376293 0.8300424 0.4092837 0.1084017 0.7658315 0.2615436 0.6877956 0.3762932 0.9564196 0.9103061 0.0089114 0.4416028 0.6859035 0.5916623 0.8565020 0.5088046 0.7473678 0.3305460 0.5482650 0.1317789 0.1380963 0.9113742 0.6132694 0.2453383 0.4385205 0.0106815 0.2153996 0.8962676 0.6990570 0.3966491 0.5138401 0.9877926 0.6806238 0.7734306 
0.6414380 0.2181158 0.3223975 0.8666341 0.4463332 0.1637013 0.6923429 0.7011322 0.4796289 0.2808618 0.0364696 0.7061068 0.7261574 0.6953948 0.3788263 0.6885586 0.4601276 0.7314371 0.0437635 0.6878262 0.5592822 0.5965148 0.8367870 0.2916044 0.1260109 0.9913938 0.6919767 0.0375378 0.2907498 0.0303354 0.3503525 0.8886990 0.9121982 0.3747063 0.7567980 0.1582690 0.9772942 0.7308878 0.1740776 0.4096500 0.3515732 0.9739677 0.4225898 0.1897641 0.8541215 0.1785333 0.4864345 0.9159215 0.2295907 0.6856594 
0.7838374 0.2238838 0.4595782 0.5028535 0.8684042 0.6819971 0.2712790 0.1959899 0.9919431 0.7547838 0.6107974 0.2989593 0.4990692 0.3085116 0.3570360 0.4602191 0.0999786 0.6668905 0.5967895 0.7701956 0.1014435 0.8998383 0.7005829 0.8254646 0.1204871 0.1625111 0.8148137 0.9304483 0.0099185 0.6626179 0.8141728 0.2336497 0.3560289 0.0460219 0.8911405 0.7378155 0.4734336 0.7796869 0.6498611 0.1626942 0.2532121 0.5642872 0.6561785 0.9237648 0.8274178 0.4193854 0.5960570 0.8982513 0.6735740 0.7980895 
0.2136296 0.0525529 0.9467452 0.4822535 0.9958190 0.5601062 0.5957213 0.6871853 0.6711631 0.9820551 0.0446486 0.8933683 0.3058565 0.2964873 0.4868007 0.8830531 0.7701651 0.9235206 0.5089572 0.2484817 0.9627979 0.3160497 0.6625263 0.6183660 0.2234565 0.1873226 0.9686575 0.6617939 0.0146794 0.8696554 0.3885006 0.8496353 0.7529527 0.6872158 0.6848048 0.9084750 0.2951140 0.5809503 0.4360485 0.5764641 0.9808039 0.9794305 0.3281655 0.5183874 0.1134983 0.0764489 0.6296579 0.6387219 0.8645894 0.1702628 
0.9103977 0.9098788 0.6537370 0.5565355 0.8948637 0.2479019 0.1653188 0.0371105 0.7508774 0.9966124 0.3760186 0.7971740 0.9113742 0.8018738 0.5712455 0.0611591 0.7500534 0.9846797 0.8806726 0.0097659 0.1753899 0.5149083 0.6787622 0.0654927 0.8842738 0.9895016 0.5864132 0.0675680 0.0774560 0.2393567 0.7863399 0.8001038 0.6267891 0.1959899 0.8821375 0.4178289 0.9587085 0.3176366 0.8240608 0.6504410 0.9262673 0.0162664 0.0405286 0.4684591 0.9523301 0.7059236 0.9281289 0.8238166 0.5388043 0.7143773 
0.1497238 0.8214362 0.5984375 0.8365734 0.1637928 0.0759301 0.6302377 0.5746330 0.6591998 0.8861049 0.7861873 0.9399701 0.3340556 0.7499008 0.2288583 0.5888852 0.1286660 0.6569109 0.1250954 0.2206488 0.4452345 0.9171422 0.9799493 0.5414899 0.2059999 0.0655232 0.3604236 0.2764672 0.4033021 0.2666097 0.6445814 0.4998627 0.9961852 0.7202063 0.7269204 0.5097507 0.0815149 0.4733116 0.1633045 0.6854152 0.3519395 0.9360637 0.5369427 0.5969420 0.3230995 0.6155889 0.1923276 0.8417310 0.3517563 0.9778130 
0.2403027 0.1278115 0.3277078 0.3615528 0.6757103 0.3390606 0.5553758 0.0143742 0.2890713 0.9596545 0.4489883 0.5068819 0.3595080 0.8326975 0.3971679 0.1255226 0.6134220 0.2562944 0.2506790 0.3706778 0.9892575 0.4832606 0.6469314 0.9781487 0.3421735 0.0523698 0.9248634 0.8235420 0.0226142 0.2357860 0.8472243 0.3026826 0.3313395 0.7829524 0.2352672 0.1438337 0.9737236 0.0580462 0.3151036 0.7811518 0.5819575 0.2999664 0.0091861 0.9347819 0.1958068 0.1415448 0.3609424 0.0478530 0.8952910 0.1291849 
0.2009033 0.4676962 0.6347240 0.2956328 0.7496261 0.7590258 0.6576434 0.1622059 0.0640278 0.1021455 0.3209937 0.0520341 0.0708335 0.4641560 0.6908170 0.9321574 0.4712973 0.8192694 0.0863369 0.1042207 0.7330241 0.3127842 0.4894864 0.3835261 0.0358898 0.7139500 0.9190954 0.0781579 0.5225990 0.7595141 0.6783349 0.0720237 0.5000458 0.0922880 0.9840388 0.0773034 0.2771081 0.5453963 0.8943754 0.8982513 0.3577685 0.7509690 0.5191504 0.1435591 0.6873989 0.7067171 0.2635273 0.1434675 0.5945311 0.0024415 
0.0579852 0.3827021 0.2216559 0.3061312 0.8748741 0.2164068 0.6939909 0.6769311 0.0437941 0.2244636 0.2273934 0.1925413 0.4449599 0.4473098 0.4579608 0.1774957 0.2244331 0.5297403 0.6280709 0.0144353 0.0125736 0.9790338 0.4051027 0.0792871 0.1120029 0.4258858 0.6808374 0.5740532 0.3278603 0.8672445 0.9576708 0.5860775 0.2132328 0.1364177 0.2576983 0.5125278 0.9569079 0.0410169 0.0549944 0.1926023 0.9385662 0.1618702 0.2009949 0.9298685 0.1181066 0.0266732 0.7179479 0.6234016 0.1954100 0.9306314 
0.1251259 0.1727348 0.3206885 0.9228797 0.3177892 0.8735923 0.6653035 0.3129978 0.3630787 0.0064394 0.5759148 0.7449568 0.5411847 0.7787713 0.0994293 0.9456160 0.7379986 0.6727195 0.8293405 0.5395672 0.7566454 0.1431013 0.8268990 0.1826533 0.1451460 0.3909726 0.3061007 0.0136418 0.4544206 0.9900815 0.6866970 0.0887173 0.1242409 0.0220954 0.9262062 0.6787011 0.3784295 0.7940306 0.1997131 0.5446944 0.5892514 0.4369640 0.1392560 0.5152135 0.4287851 0.3061312 0.4755089 0.5042268 0.7284158 0.6111332 
0.2067629 0.9118931 0.1340678 0.4170354 0.5928526 0.8855556 0.8301645 0.6231269 0.3404645 0.9830012 0.8713950 0.9732047 0.9403058 0.0974151 0.8503067 0.7543565 0.3792840 0.5114597 0.3346660 0.7421491 0.3115940 0.6891995 0.0656758 0.4773400 0.3948180 0.9569079 0.0148930 0.7737663 0.3899960 0.9398175 0.3357341 0.4848476 0.0443434 0.1349834 0.3765069 0.1570482 0.8738670 0.1537217 0.1253395 0.7800531 0.7519150 0.8432875 0.8107242 0.6610004 0.9237037 0.7198096 0.5388348 0.4527116 0.6998505 0.4701987 
0.6965850 0.3539537 0.3013398 0.8759423 0.7159948 0.6744591 0.9530931 0.0622883 0.2270272 0.2638936 0.7154759 0.6278878 0.0994293 0.4044313 0.6920377 0.9320048 0.0719016 0.4918363 0.8380993 0.2811975 0.0794397 0.2696615 0.8366344 0.2717063 0.6869716 0.8453017 0.9346599 0.8731040 0.7619251 0.6455580 0.2985931 0.9031343 0.9745476 0.6885586 0.0903043 0.7382122 0.9364299 0.6052431 0.2613910 0.5562609 0.1866512 0.8887600 0.4315317 0.5577868 0.7264321 0.3499863 0.8929106 0.4942167 0.4877773 0.4215217 
0.4478286 0.6213569 0.4162725 0.4661092 0.9211097 0.9214759 0.3660085 0.7464522 0.1355022 0.2293161 0.2858974 0.0167547 0.1443525 0.2865993 0.9121982 0.0726951 0.0262459 0.3610340 0.3827937 0.7693106 0.8630024 0.9324931 0.8133793 0.3553270 0.7627796 0.9335002 0.5885800 0.1356853 0.4380627 0.0008545 0.8019349 0.3156224 0.3678701 0.0567339 0.3617054 0.1628162 0.6776330 0.2437208 0.1870479 0.8581194 0.4755394 0.9350261 0.7880795 0.6695151 0.3774529 0.1066012 0.0839869 0.5820490 0.7632069 0.6835841 
0.3454085 0.4675436 0.9878842 0.6565752 0.7535936 0.8599811 0.6351512 0.9726249 0.7544786 0.1540269 0.7311014 0.4998627 0.2968230 0.5971862 0.8455763 0.3255409 0.1030000 0.3261818 0.6291086 0.7784051 0.2804346 0.2731407 0.4740135 0.8940703 0.5192419 0.1684622 0.0882595 0.0105594 0.8601642 0.5676138 0.0863979 0.5543992 0.0419935 0.1812494 0.4730064 0.2324900 0.8071535 0.0451674 0.2834864 0.1541185 0.4415723 0.0763878 0.3241676 0.0734275 0.4994049 0.6039613 0.7655568 0.3890194 0.4047060 0.5648976 
0.1092257 0.5685293 0.6789148 0.0779443 0.3822138 0.7495346 0.9237037 0.1037019 0.1154210 0.5250710 0.2335887 0.2341075 0.9175695 0.2930082 0.8214362 0.9541917 0.0184332 0.9492172 0.7573778 0.3946959 0.2811060 0.1480758 0.9671010 0.0951567 0.5947752 0.7594226 0.8698386 0.0031434 0.8406629 0.5082247 0.5504929 0.9110385 0.3100986 0.4004028 0.6163213 0.4215217 0.8232978 0.6308481 0.3736991 0.9592883 0.4803308 0.9680776 0.7628407 0.5547655 0.8599811 0.6591388 0.9826350 0.5447249 0.4412976 0.8170721 
0.1868648 0.3082980 0.6103397 0.3097934 0.6914579 0.1236610 0.3216651 0.0456557 0.0030824 0.1109043 0.9667043 0.0975372 0.2898953 0.1332438 0.1473739 0.2507401 0.7940306 0.3591723 0.4935453 0.9535813 0.6299326 0.0008240 0.3987243 0.0823695 0.2415540 0.2160100 0.6446425 0.8594623 0.5861995 0.5084384 0.8490860 0.6380505 0.9797052 0.2766198 0.5940733 0.6778466 0.3520005 0.1020844 0.8350475 0.0637837 0.7767571 0.3123569 0.7649770 0.9105197 0.9010590 0.0576800 0.9310892 0.8522294 0.2399976 0.0157781 
0.2563555 0.3853877 0.5232704 0.5309305 0.0316782 0.7833186 0.3763237 0.4255501 0.8159429 0.9499191 0.4596088 0.6672872 0.5524155 0.3038728 0.2170171 0.8223212 0.4574725 0.7763298 0.8620258 0.1476180 0.6322825 0.7164220 0.5374004 0.7134922 0.3094882 0.5331278 0.0978118 0.2714621 0.0991241 0.6455275 0.6653035 0.1575671 0.0922269 0.0458388 0.5316630 0.3877377 0.2366100 0.0013733 0.8814051 0.1446577 0.4509415 0.2394177 0.1288797 0.5455489 0.8659322 0.0917386 0.3852046 0.7396771 0.4874416 0.5338603 
0.0393689 0.3305460 0.7875607 0.9391461 0.7144688 0.8596454 0.9799188 0.7338176 0.9875484 0.8358715 0.5251625 0.0226447 0.4568010 0.1168554 0.5967589 0.0553606 0.9833979 0.2361217 0.7244179 0.2697531 0.6131779 0.7453536 0.6655171 0.0101016 0.3430280 0.8357799 0.7775506 0.9884335 0.9505295 0.8360546 0.0431837 0.6535234 0.9530625 0.6353343 0.0686361 0.4081851 0.9920957 0.8500015 0.9953001 0.4889981 0.9931333 0.2813807 0.3826411 0.0535295 0.6418043 0.2463149 0.2499771 0.9422895 0.8608661 0.0904874 
0.3922544 0.7107150 0.7057711 0.2009644 0.6434217 0.3339640 0.1132542 0.1007721 0.1815241 0.4124577 0.9477218 0.7220679 0.7067171 0.4182562 0.7759636 0.3909421 0.5004120 0.3861202 0.4994354 0.9924009 0.5489669 0.6889554 0.7699210 0.0168157 0.4170660 0.7542650 0.2483596 0.4493851 0.0086978 0.0465102 0.1745048 0.8629414 0.7973266 0.3847774 0.9223914 0.1910154 0.3198340 0.0164800 0.1469466 0.3431501 0.8701437 0.8714255 0.8388318 0.3972900 0.4450209 0.7568896 0.4887234 0.0647603 0.5063631 0.2713401 
0.2244636 0.3462935 0.4993744 0.9793695 0.7782220 0.7274087 0.3106479 0.4726707 0.1100192 0.0176397 0.1750847 0.7820368 0.3481552 0.3811457 0.4545732 0.0767235 0.1251564 0.1284829 0.1659597 0.5171667 0.4922636 0.7616504 0.7878964 0.5426191 0.0231025 0.8992279 0.0279550 0.8911405 0.4551531 0.3653371 0.0099796 0.1978820 0.4664449 0.2203436 0.4818262 0.5916318 0.2312693 0.7542650 0.3046358 0.3100070 0.9644459 0.9752190 0.0951872 0.6534013 0.2080142 0.4412061 0.9241615 0.8389538 0.1361126 0.3156835 
0.9674978 0.5836665 0.2497330 0.3133335 0.8675192 0.4548173 0.3380230 0.8958098 0.9425642 0.0885952 0.2981353 0.5191809 0.1923582 0.0903958 0.2851039 0.8462172 0.0183111 0.0411695 0.5900143 0.2010254 0.9097568 0.6760765 0.4437391 0.1215552 0.2841273 0.4453261 0.5606250 0.3328959 0.8948027 0.2979522 0.4093142 0.8457595 0.8721580 0.8421888 0.9828791 0.6811731 0.2892544 0.2467727 0.6706442 0.1481979 0.5004730 0.8996551 0.4032411 0.1202124 0.7201147 0.2613605 0.1944945 0.1135289 0.5369427 0.6024964 
0.4185919 0.7686392 0.0751061 0.6228523 0.2115543 0.3730583 0.3562426 0.1394391 0.7833491 0.6869716 0.3362529 0.6415601 0.1266823 0.4590899 0.8113041 0.1698355 0.1062654 0.4974212 0.0977813 0.0460219 0.3280435 0.6496170 0.3352153 0.1405072 0.6134831 0.7302164 0.9426862 0.3964354 0.0400708 0.8323618 0.6985992 0.1121860 0.6460463 0.5794549 0.5839412 0.9591662 0.9273659 0.4488662 0.9790033 0.7528306 0.5835444 0.9418317 0.0469375 0.7454146 0.0809656 0.9706107 0.0826746 0.1195105 0.8572039 0.9871822 
0.6583453 0.8955046 0.2486038 0.8329417 0.0005188 0.3953063 0.9736625 0.5699942 0.7907956 0.1311075 0.8830226 0.2225715 0.5727714 0.2380139 0.7563707 0.5026399 0.8986785 0.1132847 0.2554094 0.6758324 0.4148686 0.1010773 0.4076968 0.8574786 0.2034974 0.2348094 0.1819514 0.8024537 0.0846583 0.2504959 0.1934263 0.0176702 0.4439528 0.6914274 0.8713034 0.0250252 0.2751549 0.5725272 0.2951445 0.5686514 0.6457717 0.2920011 0.6664937 0.7985473 0.8747520 0.8036134 0.1953490 0.2797327 0.2349620 0.9583117 
0.5771355 0.5410016 0.3388165 0.1906491 0.0830409 0.9625233 0.2849208 0.9535508 0.5563524 0.6075014 0.5421613 0.1115452 0.8482315 0.4586932 0.2178411 0.5665761 0.0965606 0.0323496 0.8487808 0.8874783 0.4538408 0.9574877 0.0495621 0.6059145 0.6446425 0.7032380 0.3582263 0.3368938 0.4136784 0.2362743 0.9440596 0.9780572 0.3372600 0.9178137 0.8277230 0.2955107 0.9482101 0.9199499 0.5767693 0.0650349 0.3831599 0.0968047 0.2749107 0.9914243 0.7525559 0.2770470 0.6613971 0.4527421 0.2596515 0.0677816 
0.1286660 0.9660329 0.2941374 0.8748131 0.3058870 0.4028138 0.8030335 0.0036622 0.7719047 0.0270394 0.1265908 0.0814539 0.1401105 0.5070040 0.5985595 0.3442488 0.2660604 0.3422956 0.3083590 0.3333537 0.7869808 0.8856166 0.9938658 0.1785028 0.7213050 0.9333476 0.9077120 0.7651296 0.5055391 0.8155461 0.2647176 0.0985137 0.1773431 0.2913602 0.3939329 0.0048219 0.9668264 0.9367962 0.8673055 0.8328806 0.2431715 0.6197394 0.5128025 0.3131504 0.0037843 0.5513169 0.2745750 0.1805780 0.9701529 0.9450362 
0.6762597 0.8570513 0.8052004 0.5426801 0.7202673 0.9256264 0.3360393 0.8499710 0.6616108 0.4390698 0.5390179 0.3424482 0.6249580 0.2697531 0.2907498 0.0927763 0.1310160 0.1008332 0.0627461 0.3310953 0.3678091 0.0973846 0.1384320 0.6763207 0.3555712 0.5350200 0.7404401 0.1868648 0.4377270 0.0661946 0.4552141 0.2894986 0.0339671 0.7690970 0.5171667 0.4461196 0.3525498 0.0750145 0.9362468 0.9988098 0.9906919 0.6447951 0.5024873 0.9844356 0.4924467 0.9123203 0.0747398 0.3809931 0.6733909 0.9288614 
0.0828578 0.6575823 0.0285653 0.6492508 0.9130528 0.3207190 0.4659261 0.9268166 0.9073458 0.8838466 0.5894650 0.2653890 0.6877651 0.6729026 0.7699820 0.6017029 0.0251473 0.4949492 0.6234321 0.7562487 0.1372112 0.0166021 0.5182958 0.8595843 0.5498520 0.0693991 0.2469558 0.7358013 0.6183660 0.3196814 0.9312418 0.8324839 0.3651845 0.0966826 0.2027345 0.6026795 0.0492874 0.6501053 0.2837916 0.9539476 0.1493271 0.0324717 0.6577044 0.0675985 0.6479385 0.2759789 0.4736473 0.7613147 0.0983612 0.6910916 
0.5250099 0.5360576 0.3671987 0.8268685 0.3296304 0.7536241 0.0148930 0.4179815 0.5490890 0.7374187 0.8115482 0.3104648 0.8526261 0.3738517 0.0647298 0.3190710 0.6163213 0.0438856 0.5856807 0.7081210 0.1587878 0.6655171 0.3906064 0.5746635 0.6584368 0.6489761 0.4095889 0.8945280 0.1735282 0.0961638 0.7086398 0.1825312 0.3156529 0.7818537 0.4941557 0.4215827 0.2873318 0.4319590 0.6870327 0.8854640 0.8779870 0.9679861 0.0002747 0.3211463 0.0969573 0.3927122 0.9434492 0.9285867 0.4315012 0.9088412 
0.0711081 0.2906278 0.0768456 0.3208716 0.2928861 0.4456923 0.5111240 0.9567858 0.8308359 0.5494552 0.0198675 0.0988189 0.0068667 0.5228126 0.4150517 0.7381512 0.8042848 0.5305948 0.8835414 0.6859340 0.7943968 0.5457625 0.3736686 0.1256447 0.7596057 0.6007569 0.8919340 0.2196112 0.2317881 0.7296060 0.7684866 0.0728782 0.9216285 0.9971313 0.1317789 0.1415448 0.0910367 0.8745384 0.7673269 0.7528306 0.8992279 0.3144322 0.7840205 0.6826075 0.7129124 0.9717704 0.5486312 0.6763817 0.7108676 0.2392651 
0.4011353 0.9702750 0.5410016 0.5163732 0.5894040 0.0548418 0.9014252 0.7392804 0.3553880 0.1544237 0.5540941 0.3065279 0.4150822 0.4655904 0.2223884 0.0251778 0.6389966 0.4813379 0.9734489 0.9639271 0.1294595 0.8359630 0.7962584 0.8884548 0.0798059 0.1952879 0.4592425 0.5908994 0.2300485 0.9327372 0.6706137 0.4412976 0.5208594 0.6720176 0.9487899 0.9273049 0.1225929 0.9278237 0.7828913 0.4084597 0.2479629 0.8209174 0.7406537 0.1188696 0.9566637 0.9056368 0.4994659 0.4762108 0.7604297 0.8918729 
0.9196142 0.3660695 0.2898038 0.9389325 0.4049806 0.5875729 0.9817804 0.1742912 0.3042390 0.7731864 0.0484939 0.1583300 0.2778710 0.2809229 0.7435530 0.8700827 0.4241462 0.4653462 0.1010468 0.5609607 0.9024628 0.0528581 0.5683767 0.3472396 0.9141820 0.1087985 0.1829279 0.7694937 0.7333903 0.5601367 0.9835505 0.6593829 0.0498367 0.0596026 0.1971191 0.3097934 0.6621906 0.3596912 0.8034913 0.8287606 0.7253334 0.5601978 0.3004547 0.6651509 0.0126347 0.6890469 0.4843287 0.0348216 0.7643056 0.8745689 
0.2930692 0.4279611 0.7083041 0.2844935 0.3610950 0.0278939 0.4803003 0.3960387 0.2438124 0.0488296 0.9615162 0.8448439 0.2133244 0.8739586 0.1721549 0.2726524 0.2450636 0.8785058 0.1856441 0.9036531 0.5789666 0.5476852 0.2263558 0.0756249 0.8422803 0.6559648 0.8023927 0.8039491 0.4545122 0.2820826 0.6488235 0.3690298 0.3805048 0.3590197 0.3545946 0.6016724 0.8259835 0.9839778 0.4075137 0.7682730 0.6202887 0.3883480 0.6127812 0.9443342 0.0970794 0.4391308 0.5303201 0.0771508 0.2794885 0.4018067 
0.8281808 0.4247566 0.4047365 0.4896695 0.6683859 0.8074282 0.0864895 0.8992584 0.1894284 0.6944182 0.9463179 0.9614856 0.7519150 0.9327677 0.7168493 0.4199652 0.0496841 0.1838740 0.2588580 0.4275338 0.2138432 0.1381573 0.6478469 0.2020936 0.6357311 0.1829585 0.3904843 0.5037996 0.7065950 0.1994995 0.4608295 0.0191656 0.0176092 0.7612232 0.4763939 0.3108310 0.0876492 0.3398846 0.4573809 0.0123905 0.1195715 0.8397778 0.0807825 0.0628986 0.3250221 0.1548509 0.3028352 0.1977599 0.1405377 0.0430311 
0.3010651 0.9446394 0.0771813 0.3616138 0.6003601 0.0047914 0.8615680 0.6333811 0.1275979 0.5340434 0.3739128 0.4039430 0.1837519 0.3720511 0.2726829 0.6151311 0.1617481 0.9582202 0.3419904 0.8624836 0.3414411 0.5061190 0.8639180 0.5279702 0.6093936 0.8531755 0.9214148 0.0760826 0.2525407 0.7815180 0.7149876 0.4968108 0.5632496 0.1866512 0.3724174 0.2530595 0.5374004 0.1778314 0.4368114 0.3275552 0.4713889 0.5417341 0.5414899 0.2252571 0.9509568 0.3173315 0.7529221 0.9765007 0.5779290 0.5872982 
0.0432447 0.1387982 0.6551714 0.5211646 0.8274483 0.7950072 0.9968261 0.4812769 0.3095187 0.2591327 0.4055910 0.0238655 0.7497482 0.5851009 0.1973327 0.0881375 0.5235450 0.6854457 0.7997681 0.7654042 0.1305277 0.6903287 0.8392895 0.2953276 0.1924192 0.6865444 0.7835932 0.1769768 0.1474960 0.3166601 0.2394177 0.0495621 0.4318064 0.8182012 0.1611072 0.1419111 0.9450667 0.6717429 0.4202704 0.2990204 0.1596118 0.8213752 0.2154607 0.4183782 0.7288430 0.6456496 0.9945067 0.8961455 0.3750114 0.4641865 
0.4469131 0.2034974 0.4261299 0.1083407 0.7781304 0.8204291 0.0972930 0.4099857 0.7600024 0.7096164 0.2159490 0.0087893 0.3940550 0.8528397 0.1573229 0.0542009 0.2684103 0.3861202 0.1755730 0.2593463 0.2653890 0.7847530 0.8488418 0.3673208 0.1846065 0.9199805 0.5914792 0.9302347 0.5361492 0.4782861 0.8847621 0.1957152 0.3405866 0.2439650 0.4491409 0.5753655 0.9301126 0.8176214 0.6694235 0.7079379 0.4135868 0.6783654 0.8586993 0.6975921 0.2039857 0.8603473 0.3238624 0.5884579 0.6994537 0.6116214 
0.4347362 0.5807672 0.1264077 0.3338725 0.3356731 0.5608386 0.5178381 0.0434278 0.4485611 0.1060213 0.2546464 0.4078494 0.1910764 0.0675069 0.4451125 0.3423872 0.9971313 0.3276467 0.5120090 0.7802667 0.7439497 0.1687979 0.1841487 0.9092074 0.4682760 0.7453841 0.6685080 0.5025788 0.1095309 0.4497513 0.4138920 0.1388897 0.5035249 0.0667745 0.1285134 0.3908200 0.2958159 0.7208167 0.1713919 0.3164159 0.0641804 0.7040315 0.9826350 0.0021058 0.9576403 0.3140660 0.5155492 0.6512955 0.1760308 0.3127232 
0.9477218 0.7115390 0.5662099 0.4516434 0.0592975 0.5925779 0.0111698 0.9296854 0.2705161 0.3895077 0.2919401 0.6079592 0.0765404 0.0379040 0.9254128 0.7901242 0.2961821 0.7255165 0.8724326 0.4982147 0.4159062 0.8949248 0.7931150 0.9328898 0.1681265 0.0653401 0.4265572 0.5655080 0.1714225 0.1618091 0.3973815 0.5012055 0.0977813 0.3389691 0.6955779 0.0713218 0.2227851 0.5523850 0.6089053 0.8915067 0.2059389 0.1002533 0.3390912 0.4702902 0.5602588 0.3572192 0.5795770 0.7009796 0.3617054 0.2858364 
0.3592029 0.5464644 0.7005524 0.8048036 
0.8448744 0.5528733 0.7445906 0.9703360 
0.3568834 0.1446272 0.1806085 0.5691397 
0.3786126 0.0742515 0.1436201 0.2369457 
0.7962889 0.0847804 0.6341136 0.7664724 
0.0765099 0.5611438 0.2742393 0.7915586 
0.7436140 0.7384564 0.4536271 0.1859798 
0.1855831 0.1131626 0.0849635 0.9124424 
0.5102390 0.4036073 0.4270455 0.4786523 
0.7900021 0.5018464 0.3858760 0.7730033 
0.0784326 0.5396893 0.6839198 0.9979858 
0.4105655 0.0271310 0.0701621 0.3541368 
0.7464217 0.9714347 0.5127720 0.1788079 
0.9668569 0.7629017 0.5128330 0.8779565 
0.9516892 0.7392193 0.5029450 0.7880490 
0.4470656 0.7320170 0.0861538 0.4244514 
0.5277871 0.1128269 0.3434248 0.0036927 
0.6707053 0.4027833 0.9251381 0.5366375 
0.7079989 0.7752312 0.8814051 0.8569292 
0.1356243 0.2357860 0.5507981 0.3813898 
0.5238807 0.0974151 0.7958007 0.4622333 
0.0637532 0.7847530 0.7340922 0.5394757 
0.7729728 0.3252358 0.5628224 0.4590899 
0.9741508 0.7982727 0.6382336 0.1904660 
0.2583697 0.4759056 0.4049501 0.8166448 
0.5738090 0.5490890 0.3039949 0.3057344 
0.5259560 0.9985961 0.3781854 0.9996338 
0.1913511 0.3310343 0.7617420 0.6018250 
0.8219245 0.5958129 0.9796442 0.9584643 
0.5601672 0.7206336 0.5356304 0.4593646 
0.5787530 0.2575762 0.7801447 0.5253761 
0.2728965 0.4349498 0.4234443 0.6602985 
0.5536973 0.0466933 0.8963591 0.4313486 
0.0512711 0.8950468 0.6162908 0.0058596 
0.6528825 0.5739006 0.2095401 0.3124790 
0.2128971 0.9268471 0.1909848 0.4387951 
0.5668203 0.9309061 0.2728660 0.5560472 
0.0787072 0.6911222 0.1284219 0.3821833 
0.0588397 0.9677114 0.3228248 0.2029481 
0.3216346 0.4605548 0.4275948 0.4603717 
0.7270730 0.7265236 0.8860744 0.9923704 
0.9543443 0.1429792 0.2017884 0.0490432 
0.2303232 0.5069735 0.8360240 0.8803064 
0.4966887 0.5467086 0.0529496 0.2475051 
0.1706290 0.6549272 0.0261238 0.4870449 
0.7108371 0.0171209 0.6039613 0.3136692 
0.6937468 0.5326090 0.7095553 0.2948698 
0.6711936 0.5147252 0.9487899 0.3129978 
0.1751152 0.7405316 0.1670888 0.7156285 
0.7102573 0.6335032 0.3052156 0.2905362 
----------Biases------------
-0.8120060 -0.7160558 -0.3856624 0.8568682 0.5253761 0.4282052 -0.0931730 0.8998383 0.2443007 0.1108127 0.9678335 -0.9255959 0.3147374 0.6627094 -0.1429792 -0.0262154 -0.9357280 0.2681661 0.7570727 0.9307230 -0.0122379 -0.1808222 0.6735130 -0.2597430 -0.0849330 -0.7843562 -0.8236030 0.1093478 -0.4016541 0.4564653 -0.5825068 -0.3740043 -0.4888150 -0.5805536 -0.3138218 0.9168065 -0.7696463 0.7211219 0.2118900 -0.2802515 0.0417798 -0.0514237 -0.7523728 -0.8396558 0.1965087 0.6247444 0.6730857 -0.0418409 -0.9520249 0.2038942 
-0.8613239 -0.6893826 -0.6417127 0.6997589 -0.7650075 -0.5692618 0.8319040 0.5176855 0.6779687 0.7395550 0.0528275 -0.3760796 -0.9019135 0.4524369 0.7399213 -0.4949797 0.9829707 -0.5054781 0.2059694 0.0787072 -0.5346538 0.2059694 -0.5625477 -0.2855007 -0.3494675 -0.9141820 0.7034211 -0.5791498 0.2355113 0.0841395 0.6713767 0.8056581 -0.8228706 0.7122105 0.1639760 -0.8823817 0.4932096 0.8539384 0.0183416 -0.1236915 0.1956542 0.8548540 0.7303385 0.9768670 0.1195410 -0.2513810 0.9793695 0.0664388 0.7005524 0.4983367 
-0.2121342 -0.9861446 0.2493057 -0.9933470 
