1  -0.830066
2  -1.08588
3  1.38468
4  4.11213
5  6.9106
6  19.9504
7  38.3311
8  42.4212
9  46.9175
10  51.4388
11  47.3346
12  40.5271
13  41.0897
14  31.8644
15  33.0425
16  30.9853
17  25.0597
18  31.5354
19  26.1699
20  34.2925
21  40.8546
22  46.125
23  49.9428
24  54.6896
25  59.6503
26  64.8211
27  71.54
28  78.0564
29  84.2893
30  90.1624
31  93.1562
32  96.6187
33  80.3951
34  59.5791
35  35.0805
36  41.3536
37  14.7708
38  21.2575
39  27.455
40  33.4059
41  6.27095
42  -36.7346
43  -43.0262
44  -51.0072
45  -57.1602
46  -64.9463
47  -73.9751
48  -81.9116
49  -85.0939
50  -89.0386
51  -92.807
52  -100.801
53  -105.749
54  -112.004
55  -117.307
56  -114.39
57  -123.176
58  -126.287
59  -135.073
60  -140.189
61  -144.215
62  -149.399
63  -149.048
64  -148.387
65  -149.048
66  -148.387
67  -149.048
68  -154.902
69  -159.907
70  -164.333
71  -167.034
72  -170.433
73  -174.738
74  -178.137
75  -197.649
76  -203.26
77  -203.465
78  -203.825
79  -204.316
80  -223.427
81  -231.767
82  -250.879
83  -259.219
84  -278.33
85  -286.67
86  -289.434
87  -270.067
88  -261.899
89  -263.166
90  -282.348
91  -290.617
92  -290.03
93  -270.579
94  -262.495
95  -281.662
96  -289.946
97  -270.495
98  -262.411
99  -281.578
100  -289.863
101  -288.693
102  -289.863
103  -288.693
104  -289.863
105  -291.517
106  -290.929
107  -290.439
108  -270.939
109  -262.904
110  -264.776
111  -265.363
112  -267.918
113  -270.09
114  -272.336
115  -270.09
116  -289.234
117  -297.541
118  -296.954
119  -296.464
120  -296.103
121  -295.898
122  -295.861
123  -297.5
124  -297.464
125  -299.214
126  -297.042
127  -294.487
128  -296.4
129  -293.635
130  -290.85
131  -292.796
132  -294.643
133  -292.027
134  -293.648
135  -294.933
136  -295.795
137  -298.412
138  -295.795
139  -293.526
140  -293.476
141  -293.526
142  -312.398
143  -305.176
144  -302.257
145  -302.889
146  -311.627
147  -315.354
148  -317.085
149  -316.223
150  -322.624
151  -324.03
152  -325.039
153  -324.03
154  -325.039
155  -324.03
156  -325.039
157  -324.03
158  -322.624
159  -324.03
160  -322.624
161  -324.03
162  -325.039
163  -324.03
164  -322.624
165  -320.915
166  -319.022
167  -317.071
168  -315.197
169  -313.528
170  -312.176
171  -313.528
172  -312.176
173  -311.234
174  -312.176
175  -311.234
176  -312.176
177  -313.528
178  -315.197
179  -313.528
180  -312.176
181  -313.528
182  -312.176
183  -311.234
184  -312.176
185  -312.176
186  -313.528
187  -312.176
188  -311.234
189  -312.176
190  -311.234
191  -312.176
192  -313.528
193  -315.197
194  -313.528
195  -312.176
196  -313.528
197  -312.176
198  -311.234
199  -312.176
200  -313.528
201  -312.176
202  -313.528
203  -312.176
204  -313.528
205  -312.176
206  -330.215
207  -323.604
208  -320.744
209  -320.048
210  -319.848
211  -320.048
212  -319.848
213  -320.048
214  -319.848
215  -320.048
216  -319.848
217  -320.048
218  -319.848
219  -320.048
220  -319.848
221  -320.048
222  -319.848
223  -320.048
224  -319.848
225  -320.048
226  -319.848
227  -320.048
228  -319.848
229  -320.048
230  -319.848
231  -320.048
232  -319.848
233  -320.048
234  -319.848
235  -320.048
236  -319.848
237  -320.048
238  -319.848
239  -320.048
240  -319.848
241  -320.048
242  -319.848
243  -320.048
244  -319.848
245  -300.676
246  -310.255
247  -308.379
248  -308.586
249  -309.053
250  -310.917
251  -309.975
252  -309.507
253  -309.975
254  -309.507
255  -309.975
256  -309.507
257  -309.975
258  -309.507
259  -309.975
260  -309.507
261  -309.975
262  -309.507
263  -309.975
264  -309.507
265  -309.546
266  -309.507
267  -309.975
268  -309.507
269  -309.975
270  -309.507
271  -309.975
272  -309.507
273  -309.975
274  -310.917
275  -309.975
276  -309.507
277  -309.975
278  -310.917
279  -295.137
280  -295.984
281  -299.709
282  -306.109
283  -328.171
284  -323.258
285  -319.126
286  -315.605
287  -309.298
288  -311.191
289  -309.298
290  -311.191
291  -309.298
292  -311.191
293  -309.298
294  -307.637
295  -309.53
296  -311.48
297  -313.355
298  -315.026
299  -313.355
300  -315.026
301  -313.355
302  -311.48
303  -313.355
304  -311.48
305  -313.355
306  -315.026
307  -313.355
308  -311.48
309  -313.355
310  -311.48
311  -313.355
312  -311.48
313  -313.355
314  -311.48
315  -295.317
316  -297.275
317  -306.286
318  -311.594
319  -313.121
320  -311.594
321  -313.121
322  -311.594
323  -309.805
324  -311.594
325  -309.805
326  -307.875
327  -309.805
328  -307.875
329  -309.805
330  -307.875
331  -309.805
332  -307.875
333  -309.805
334  -307.875
335  -309.805
336  -307.875
337  -309.805
338  -311.594
339  -313.121
340  -311.594
341  -309.805
342  -311.594
343  -313.121
344  -311.594
345  -309.805
346  -307.875
347  -309.805
348  -311.594
349  -309.805
350  -307.875
351  -309.805
352  -307.875
353  -309.805
354  -307.875
355  -305.937
356  -307.875
357  -309.805
358  -307.875
359  -309.805
360  -311.594
361  -309.805
362  -307.875
363  -309.805
364  -307.875
365  -309.805
366  -307.875
367  -309.805
368  -311.594
369  -313.121
370  -314.282
371  -314.998
372  -314.282
373  -313.121
374  -311.594
375  -309.805
376  -307.875
377  -314.975
378  -315.632
379  -313.718
380  -311.968
381  -310.501
382  -311.968
383  -310.501
384  -310.501
385  -311.968
386  -310.501
387  -311.968
388  -313.718
389  -311.968
390  -310.501
391  -311.968
392  -310.501
393  -311.968
394  -310.501
395  -311.968
396  -310.501
397  -311.968
398  -310.501
399  -311.968
400  -310.501
401  -311.968
402  -310.501
403  -311.968
404  -313.718
405  -311.968
406  -313.718
407  -311.968
408  -313.718
409  -311.968
410  -310.501
411  -311.968
412  -310.501
413  -311.968
414  -310.501
415  -311.968
416  -310.501
417  -311.968
418  -313.718
419  -311.968
420  -313.718
421  -311.968
422  -313.718
423  -311.968
424  -313.718
425  -311.968
426  -310.501
427  -311.968
428  -313.718
429  -311.968
430  -313.718
431  -311.968
432  -313.718
433  -311.968
434  -313.718
435  -311.968
436  -313.718
437  -311.968
438  -313.718
439  -311.968
440  -310.501
441  -311.968
442  -310.501
443  -311.968
444  -310.501
445  -311.968
446  -310.501
447  -311.968
448  -310.501
449  -311.968
450  -310.501
451  -311.968
452  -310.501
453  -311.968
454  -310.501
455  -309.416
456  -310.501
457  -311.968
458  -310.501
459  -311.968
460  -313.718
461  -311.968
462  -310.501
463  -311.968
464  -310.501
465  -311.968
466  -310.501
467  -311.968
468  -310.501
469  -311.968
470  -310.501
471  -309.416
472  -310.501
473  -311.968
474  -310.501
475  -309.416
476  -310.501
477  -311.968
478  -310.501
479  -311.968
480  -313.718
481  -311.968
482  -310.501
483  -309.416
484  -310.501
485  -309.416
486  -310.501
487  -309.416
488  -310.501
489  -309.416
490  -310.501
491  -311.968
492  -313.718
493  -311.968
494  -310.501
495  -311.968
496  -310.501
497  -311.968
498  -310.501
499  -311.968
500  -313.718
501  -311.968
502  -310.501
503  -311.968
504  -313.718
505  -311.968
506  -310.501
507  -311.968
508  -313.718
509  -311.968
510  -310.501
511  -309.416
512  -310.501
513  -309.416
514  -310.501
515  -311.968
516  -310.501
517  -311.968
518  -313.718
519  -311.968
520  -310.501
521  -311.968
522  -313.718
523  -311.968
524  -313.718
525  -311.968
526  -313.718
527  -311.968
528  -313.718
529  -311.968
530  -313.718
531  -311.968
532  -313.718
533  -311.968
534  -310.501
535  -309.416
536  -310.501
537  -311.968
538  -313.718
539  -311.968
540  -313.718
541  -311.968
542  -310.501
543  -309.416
544  -310.501
545  -309.416
546  -310.501
547  -309.416
548  -310.501
549  -311.968
550  -310.501
551  -309.416
552  -310.501
553  -311.968
554  -310.501
555  -309.416
556  -310.501
557  -311.968
558  -310.501
559  -309.416
560  -310.501
561  -311.968
562  -313.718
563  -311.968
564  -310.501
565  -311.968
566  -313.718
567  -311.968
568  -310.501
569  -309.416
570  -310.501
571  -309.416
572  -310.501
573  -309.416
574  -310.501
575  -311.968
576  -310.501
577  -311.968
578  -310.501
579  -311.968
580  -310.501
581  -311.968
582  -311.968
583  -310.501
584  -309.416
585  -310.501
586  -311.968
587  -313.718
588  -311.968
589  -310.501
590  -311.968
591  -310.501
592  -311.968
593  -310.501
594  -311.968
595  -313.718
596  -311.968
597  -310.501
598  -311.968
599  -313.924
600  -312.005
601  -310.366
602  -312.005
603  -310.366
604  -316.563
605  -317.856
606  -316.757
607  -316.157
608  -316.095
609  -316.157
610  -316.095
611  -316.157
612  -316.095
613  -316.157
614  -316.095
615  -316.157
616  -316.095
617  -316.157
618  -316.095
619  -316.157
620  -316.095
621  -316.157
622  -316.095
623  -316.157
624  -316.095
625  -316.157
626  -316.095
627  -316.157
628  -316.095
629  -316.157
630  -316.095
631  -316.157
632  -315.616
633  -315.811
634  -315.616
635  -315.811
636  -315.616
637  -315.811
638  -315.616
639  -315.811
640  -315.616
641  -315.811
642  -315.616
643  -315.811
644  -315.616
645  -315.811
646  -316.568
647  -315.811
648  -316.568
649  -298.491
650  -290.626
651  -307.256
652  -315.561
653  -315.366
654  -315.561
655  -315.366
656  -315.561
657  -316.319
658  -315.561
659  -315.366
660  -315.561
661  -315.366
662  -315.561
663  -316.319
664  -315.561
665  -315.366
666  -315.561
667  -315.366
668  -315.561
669  -315.366
670  -315.561
671  -315.366
672  -315.561
673  -315.366
674  -315.561
675  -315.366
676  -315.561
677  -315.366
678  -315.561
679  -315.366
680  -315.561
681  -315.366
682  -315.561
683  -315.366
684  -315.561
685  -315.366
686  -315.561
687  -315.366
688  -315.561
689  -315.366
690  -315.561
691  -315.366
692  -315.561
693  -315.366
694  -315.561
695  -315.366
696  -315.561
697  -316.319
698  -315.561
699  -316.319
700  -315.561
701  -316.319
702  -315.561
703  -315.366
704  -315.561
705  -316.319
706  -315.561
707  -315.366
708  -315.561
709  -315.366
710  -315.561
711  -315.366
712  -315.561
713  -316.319
714  -315.561
715  -315.366
716  -315.561
717  -316.319
718  -315.561
719  -315.366
720  -315.561
721  -315.366
722  -315.561
723  -315.366
724  -315.561
725  -315.366
726  -315.561
727  -315.366
728  -315.561
729  -316.319
730  -315.561
731  -315.366
732  -315.561
733  -316.319
734  -315.561
735  -315.366
736  -315.561
737  -315.366
738  -315.561
739  -316.319
740  -315.561
741  -315.366
742  -315.561
743  -316.319
744  -315.561
745  -316.319
746  -315.561
747  -316.319
748  -315.561
749  -315.366
750  -315.561
751  -316.319
752  -315.561
753  -315.366
754  -315.561
755  -315.366
756  -315.561
757  -315.366
758  -315.561
759  -315.366
760  -315.561
761  -316.319
762  -315.561
763  -316.319
764  -315.561
765  -316.319
766  -315.561
767  -316.319
768  -315.561
769  -316.319
770  -317.586
771  -316.319
772  -315.561
773  -316.319
774  -315.561
775  -315.366
776  -315.561
777  -315.366
778  -315.561
779  -315.366
780  -315.561
781  -316.319
782  -315.561
783  -316.319
784  -315.561
785  -316.319
786  -319.279
787  -317.586
788  -316.319
789  -315.561
790  -315.366
791  -315.561
792  -316.319
793  -315.561
794  -316.319
795  -315.561
796  -315.366
797  -316.319
798  -315.561
799  -315.366
800  -315.561
801  -315.366
802  -315.561
803  -315.366
804  -315.561
805  -315.366
806  -315.561
807  -315.366
808  -315.561
809  -315.366
810  -315.561
811  -315.366
812  -315.561
813  -316.319
814  -315.561
815  -316.319
816  -315.561
817  -315.366
818  -315.561
819  -315.366
820  -315.561
821  -315.366
822  -315.561
823  -315.366
824  -315.561
825  -316.319
826  -315.561
827  -316.319
828  -315.561
829  -316.319
830  -315.561
831  -316.288
832  -316.483
833  -316.288
834  -316.483
835  -316.288
836  -316.483
837  -316.288
838  -316.483
839  -316.288
840  -316.483
841  -315.942
842  -316.294
843  -315.942
844  -316.294
845  -315.942
846  -316.294
847  -315.942
848  -316.294
849  -315.942
850  -316.294
851  -315.942
852  -316.294
853  -315.942
854  -316.294
855  -316.483
856  -316.288
857  -316.483
858  -316.288
859  -316.288
860  -316.483
861  -316.288
862  -316.483
863  -316.288
864  -316.483
865  -316.288
866  -316.483
867  -316.288
868  -316.483
869  -316.288
870  -316.483
871  -316.288
872  -316.483
873  -316.288
874  -316.483
875  -316.288
876  -316.483
877  -316.288
878  -316.483
879  -316.288
880  -316.483
881  -317.24
882  -316.483
883  -316.288
884  -316.483
885  -316.288
886  -316.483
887  -316.288
888  -316.483
889  -316.288
890  -316.483
891  -316.288
892  -316.483
893  -316.288
894  -316.483
895  -316.288
896  -316.483
897  -316.288
898  -316.483
899  -301.544
900  -301.673
901  -302.367
902  -303.581
903  -302.367
904  -303.581
905  -302.367
906  -303.581
907  -302.367
908  -303.581
909  -305.229
910  -307.202
911  -305.229
912  -303.581
913  -302.367
914  -303.581
915  -305.229
916  -303.581
917  -287.8
918  -305.502
919  -302.657
920  -297.01
921  -299.099
922  -301.301
923  -299.099
924  -301.301
925  -299.099
926  -301.301
927  -299.099
928  -301.301
929  -299.099
930  -301.301
931  -299.099
932  -300.102
933  -302.266
934  -304.246
935  -302.266
936  -304.246
937  -302.266
938  -300.102
939  -302.266
940  -304.246
941  -302.266
942  -304.246
943  -302.266
944  -304.246
945  -302.266
946  -304.246
947  -305.907
948  -307.134
949  -305.907
950  -304.246
951  -302.266
952  -300.102
953  -302.266
954  -304.246
955  -302.266
956  -300.102
957  -302.266
958  -304.246
959  -305.907
960  -304.246
961  -302.266
962  -304.246
963  -302.266
964  -300.102
965  -302.266
966  -304.246
967  -302.266
968  -304.246
969  -305.907
970  -304.246
971  -305.907
972  -307.134
973  -305.907
974  -307.134
975  -307.845
976  -307.134
977  -305.907
978  -304.246
979  -305.907
980  -304.246
981  -305.907
982  -304.246
983  -302.266
984  -304.246
985  -302.266
986  -304.246
987  -305.907
988  -304.246
989  -302.266
990  -300.102
991  -302.266
992  -300.102
993  -297.9
994  -300.102
995  -302.266
996  -304.246
997  -302.266
998  -304.246
999  -302.266
1000  -304.246
1001  -302.266
1002  -304.246
1003  -302.266
1004  -304.246
1005  -302.266
1006  -304.246
1007  -302.266
1008  -304.246
1009  -302.266
1010  -300.102
1011  -302.266
1012  -300.102
1013  -302.266
1014  -300.102
1015  -302.266
1016  -300.102
1017  -302.266
1018  -316.201
1019  -314
1020  -311.914
1021  -310.039
1022  -311.699
1023  -310.039
1024  -308.765
1025  -307.963
1026  -308.765
1027  -307.963
1028  -308.765
1029  -310.039
1030  -311.699
1031  -310.039
1032  -308.765
1033  -307.963
1034  -308.765
1035  -310.039
1036  -311.699
1037  -310.039
1038  -308.765
1039  -310.039
1040  -308.765
1041  -310.039
1042  -310.039
1043  -308.765
1044  -307.963
1045  -308.765
1046  -310.039
1047  -308.765
1048  -310.039
1049  -308.765
1050  -310.039
1051  -311.699
1052  -310.039
1053  -308.765
1054  -310.039
1055  -308.765
1056  -310.039
1057  -308.765
1058  -310.039
1059  -308.765
1060  -310.039
1061  -308.765
1062  -310.039
1063  -308.765
1064  -310.039
1065  -308.765
1066  -310.039
1067  -308.765
1068  -310.039
1069  -308.765
1070  -310.039
1071  -308.765
1072  -310.039
1073  -311.699
1074  -310.039
1075  -308.765
1076  -310.163
1077  -309.052
1078  -310.163
1079  -309.052
1080  -310.163
1081  -309.052
1082  -310.163
1083  -309.052
1084  -310.163
1085  -309.052
1086  -310.163
1087  -309.052
1088  -310.163
1089  -309.052
1090  -310.163
1091  -309.052
1092  -310.163
1093  -309.052
1094  -310.163
1095  -309.052
1096  -310.163
1097  -309.052
1098  -310.163
1099  -311.651
1100  -313.415
1101  -311.651
1102  -313.415
1103  -311.651
1104  -313.415
1105  -311.651
1106  -313.415
1107  -311.651
1108  -313.415
1109  -311.651
1110  -313.415
1111  -311.651
1112  -313.415
1113  -311.651
1114  -313.415
1115  -311.651
1116  -313.415
1117  -311.651
1118  -313.415
1119  -311.651
1120  -313.415
1121  -311.651
1122  -313.415
1123  -311.651
1124  -310.163
1125  -311.651
1126  -310.163
1127  -311.651
1128  -310.163
1129  -311.651
1130  -311.35
1131  -310.239
1132  -311.35
1133  -318.577
1134  -324.233
1135  -325.697
1136  -325.286
1137  -325.384
1138  -325.286
1139  -325.384
1140  -325.286
1141  -325.384
1142  -325.286
1143  -325.384
1144  -325.286
1145  -325.384
1146  -325.286
1147  -325.384
1148  -325.286
1149  -325.384
1150  -325.286
1151  -325.384
1152  -325.286
1153  -325.384
1154  -325.286
1155  -325.384
1156  -325.286
1157  -325.384
1158  -325.286
1159  -325.384
1160  -325.286
1161  -325.384
1162  -325.286
1163  -325.384
1164  -325.286
1165  -325.384
1166  -325.286
1167  -325.384
1168  -325.286
1169  -325.384
1170  -325.286
1171  -325.384
1172  -325.286
1173  -325.384
1174  -325.286
1175  -325.384
1176  -325.286
1177  -325.384
1178  -325.286
1179  -325.384
1180  -325.286
1181  -325.384
1182  -325.286
1183  -325.384
1184  -325.286
1185  -325.384
1186  -325.286
1187  -325.384
1188  -307.908
1189  -308.02
1190  -307.908
1191  -308.02
1192  -307.908
1193  -308.02
1194  -307.908
1195  -308.303
1196  -307.908
1197  -308.303
1198  -307.908
1199  -308.02
1200  -307.908
1201  -308.02
1202  -307.908
1203  -308.02
1204  -307.908
1205  -307.2
1206  -307.087
1207  -307.2
1208  -307.087
1209  -307.2
1210  -307.087
1211  -307.2
1212  -307.087
1213  -307.2
1214  -307.087
1215  -307.2
1216  -307.087
1217  -307.2
1218  -307.087
1219  -307.2
1220  -307.087
1221  -307.2
1222  -307.087
1223  -307.2
1224  -307.087
1225  -307.2
1226  -307.087
1227  -307.2
1228  -307.087
1229  -307.2
1230  -307.087
1231  -307.2
1232  -307.087
1233  -303.647
1234  -303.51
1235  -303.881
1236  -304.734
1237  -306.013
1238  -304.734
1239  -303.881
1240  -304.734
1241  -306.013
1242  -304.734
1243  -303.881
1244  -304.734
1245  -306.013
1246  -304.734
1247  -303.881
1248  -304.734
1249  -306.013
1250  -304.734
1251  -306.013
1252  -304.734
1253  -306.013
1254  -304.734
1255  -303.881
1256  -304.734
1257  -303.881
1258  -304.734
1259  -306.013
1260  -307.63
1261  -306.013
1262  -307.63
1263  -306.013
1264  -304.734
1265  -306.013
1266  -304.734
1267  -303.881
1268  -306.013
1269  -304.734
1270  -306.013
1271  -307.63
1272  -306.013
1273  -304.734
1274  -303.881
1275  -304.734
1276  -303.881
1277  -304.734
1278  -303.881
1279  -304.734
1280  -306.013
1281  -307.63
1282  -306.013
1283  -307.63
1284  -306.013
1285  -304.67
1286  -305.949
1287  -304.67
1288  -305.949
1289  -307.565
1290  -305.949
1291  -307.565
1292  -305.949
1293  -304.67
1294  -305.949
1295  -307.565
1296  -305.949
1297  -307.565
1298  -305.949
1299  -304.67
1300  -305.949
1301  -304.67
1302  -303.816
1303  -304.67
1304  -305.949
1305  -304.67
1306  -305.949
1307  -304.67
1308  -305.949
1309  -304.67
1310  -305.949
1311  -304.67
1312  -305.949
1313  -304.67
1314  -305.949
1315  -307.565
1316  -309.409
1317  -307.684
1318  -305.896
1319  -304.449
1320  -305.896
1321  -304.449
1322  -303.442
1323  -304.449
1324  -303.442
1325  -304.449
1326  -303.442
1327  -304.449
1328  -303.442
1329  -304.449
1330  -303.442
1331  -304.449
1332  -303.442
1333  -304.449
1334  -303.442
1335  -304.449
1336  -303.442
1337  -304.449
1338  -309.575
1339  -308.024
1340  -306.149
1341  -304.575
