1  11.5633
2  22.2493
3  26.1401
4  50.2864
5  54.5052
6  58.5209
7  57.8713
8  52.8362
9  48.4028
10  45.4311
11  45.349
12  45.5439
13  46.4307
14  47.2803
15  48.0348
16  48.6429
17  49.0631
18  49.2667
19  49.2399
20  48.9845
21  63.6872
22  81.047
23  84.6301
24  101.75
25  99.1913
26  102.299
27  118.809
28  126.377
29  142.887
30  150.455
31  166.966
32  174.534
33  191.044
34  198.612
35  215.122
36  222.691
37  239.201
38  246.769
39  263.279
40  270.847
41  287.357
42  294.926
43  311.436
44  319.004
45  335.514
46  343.083
47  359.593
48  367.161
49  383.671
50  391.239
51  407.749
52  415.318
53  431.828
54  439.396
55  455.906
56  463.474
57  479.985
58  487.553
59  504.063
60  511.631
61  528.141
62  535.71
63  552.22
64  559.788
65  576.298
66  583.866
67  600.377
68  607.945
69  624.455
70  632.023
71  648.533
72  656.102
73  672.612
74  680.18
75  696.69
76  704.258
77  720.768
78  728.337
79  744.847
80  752.415
81  768.925
82  776.494
83  793.004
84  800.572
85  817.082
86  824.65
87  841.16
88  848.729
89  865.239
90  872.807
91  889.317
92  896.885
93  913.396
94  920.964
95  937.474
96  945.042
97  961.552
98  969.121
99  985.631
100  993.199
101  1009.71
102  1017.28
103  1033.79
104  1041.36
105  1057.87
106  1065.43
107  1081.94
108  1089.51
109  1106.02
110  1113.59
111  1130.1
112  1137.67
113  1154.18
114  1161.75
115  1178.26
116  1185.83
117  1202.34
118  1209.9
119  1226.41
120  1233.98
121  1250.49
122  1258.06
123  1274.57
124  1282.14
125  1298.65
126  1306.22
127  1322.73
128  1330.3
129  1346.81
130  1354.37
131  1370.88
132  1378.45
133  1394.96
134  1402.53
135  1419.04
136  1426.61
137  1443.12
138  1450.69
139  1467.2
140  1474.77
141  1491.28
142  1498.85
143  1515.36
144  1522.92
145  1539.43
146  1547
147  1563.51
148  1571.08
149  1587.59
150  1595.16
151  1611.67
152  1619.24
153  1635.75
154  1643.32
155  1659.83
156  1667.39
157  1683.9
158  1691.47
159  1707.98
160  1715.55
161  1732.06
162  1739.63
163  1756.14
164  1763.71
165  1780.22
166  1787.79
167  1804.3
168  1811.86
169  1828.37
170  1835.94
171  1852.45
172  1860.02
173  1876.53
174  1884.1
175  1900.61
176  1908.18
177  1924.69
178  1932.26
179  1948.77
180  1956.33
181  1972.84
182  1980.41
183  1996.92
184  2004.49
185  2021
186  2028.57
187  2045.08
188  2052.65
189  2069.16
190  2076.73
191  2093.24
192  2100.8
193  2117.31
194  2124.88
195  2141.39
196  2148.96
197  2165.47
198  2173.04
199  2189.55
200  2197.12
201  2213.63
202  2221.2
203  2237.71
204  2245.28
205  2261.79
206  2269.35
207  2285.86
208  2293.43
209  2309.94
210  2317.51
211  2334.02
212  2341.59
213  2358.1
214  2365.67
215  2382.18
216  2389.75
217  2406.26
218  2413.82
219  2430.33
220  2437.9
221  2454.41
222  2461.98
223  2478.49
224  2486.06
225  2502.57
226  2510.14
227  2526.65
228  2534.22
229  2550.73
230  2558.29
231  2574.8
232  2582.37
233  2598.88
234  2606.45
235  2622.96
236  2630.53
237  2647.04
238  2654.61
239  2671.12
240  2678.69
241  2695.2
242  2702.76
243  2719.27
244  2726.84
245  2743.35
246  2750.92
247  2767.43
248  2775
249  2791.51
250  2799.08
251  2815.59
252  2823.16
253  2839.67
254  2847.23
255  2863.75
256  2871.31
257  2887.82
258  2895.39
259  2911.9
260  2919.47
261  2935.98
262  2943.55
263  2960.06
264  2967.63
265  2984.14
266  2991.71
267  3008.22
268  3015.78
269  3032.29
270  3039.86
271  3056.37
272  3063.94
273  3080.45
274  3088.02
275  3104.53
276  3112.1
277  3128.61
278  3136.18
279  3152.69
280  3160.25
281  3176.76
282  3184.33
283  3200.84
284  3208.41
285  3224.92
286  3232.49
287  3249
288  3256.57
289  3273.08
290  3280.65
291  3297.16
292  3304.72
293  3321.23
294  3328.8
295  3345.31
296  3352.88
297  3369.39
298  3376.96
299  3393.47
300  3401.04
301  3417.55
302  3425.12
303  3441.63
304  3449.19
305  3465.7
306  3473.27
307  3489.78
308  3497.35
309  3513.86
310  3521.43
311  3537.94
312  3545.51
313  3562.02
314  3569.59
315  3586.1
316  3593.66
317  3610.18
318  3617.74
319  3634.25
320  3641.82
321  3658.33
322  3665.9
323  3682.41
324  3689.98
325  3706.49
326  3714.06
327  3730.57
328  3738.14
329  3754.65
330  3762.21
331  3778.72
332  3786.29
333  3802.8
334  3810.37
335  3826.88
336  3834.45
337  3850.96
338  3858.53
339  3875.04
340  3882.61
341  3899.12
342  3906.68
343  3923.19
344  3930.76
345  3947.27
346  3954.84
347  3971.35
348  3978.92
349  3995.43
350  4003
351  4019.51
352  4027.08
353  4043.59
354  4051.15
355  4067.66
356  4075.23
357  4091.74
358  4099.31
359  4115.82
360  4123.39
361  4139.9
362  4147.47
363  4163.98
364  4171.55
365  4188.06
366  4195.62
367  4212.13
368  4219.7
369  4236.21
370  4243.78
371  4260.29
372  4267.86
373  4284.37
374  4291.94
375  4308.45
376  4316.02
377  4332.53
378  4340.09
379  4356.61
380  4364.17
381  4380.68
382  4388.25
383  4404.76
384  4412.33
385  4428.84
386  4436.41
387  4452.92
388  4460.49
389  4477
390  4484.57
391  4501.08
392  4508.64
393  4525.15
394  4532.72
395  4549.23
396  4556.8
397  4573.31
398  4580.88
399  4597.39
400  4604.96
401  4621.47
402  4629.04
403  4645.55
404  4653.11
405  4669.62
406  4677.19
407  4693.7
408  4701.27
409  4717.78
410  4725.35
411  4741.86
412  4749.43
413  4765.94
414  4773.51
415  4790.02
416  4797.58
417  4814.09
418  4821.66
419  4838.17
420  4845.74
421  4862.25
422  4869.82
423  4886.33
424  4893.9
425  4910.41
426  4917.98
427  4934.49
428  4942.05
429  4958.56
430  4966.13
431  4982.64
432  4990.21
433  5006.72
434  5014.29
435  5030.8
436  5038.37
437  5054.88
438  5062.45
439  5078.96
440  5086.53
441  5103.04
442  5110.6
443  5127.11
444  5134.68
445  5151.19
446  5158.76
447  5175.27
448  5182.84
449  5199.35
450  5206.92
451  5223.43
