--------------------------Creature Joints----------------------------
3629.15860286 150.96034818
3624.54797547 89.13202040
3595.43936059 24.55838293
3708.99506989 75.35651328
3522.47090176 29.99957520
3652.50972018 26.71081420
3520.59179722 50.01071589
3522.28955211 0.00000000
3639.44705330 40.83025152
3670.31168762 0.11956140
3684.43743957 141.94264049
3731.42298423 182.40683029
3579.53709698 115.25658899
3644.39514925 146.51959356
3635.42235428 194.61542140
--------------------------Creature States----------------------------
-1 11 2 -1 0 7 0 0 -1 -1 -1 -1 6 8 
---------------------------------------------------------------------
