1  13.1357
2  -4.76753
3  -31.7439
4  -52.1859
5  -67.6783
6  -82.5163
7  -86.9102
8  -64.6464
9  -51.7951
10  -43.0929
11  -33.8682
12  -18.9361
13  -1.98148
14  17.3247
15  39.5885
16  44.9959
17  35.5063
18  62.623
19  56.2829
20  37.763
21  34.5942
22  57.2515
23  46.2327
24  67.2235
25  75.9903
26  95.4639
27  103.035
28  122.509
29  130.08
30  149.553
31  157.125
32  176.598
33  184.169
34  203.643
35  211.214
36  230.688
37  238.259
38  257.733
39  265.304
40  284.777
41  292.348
42  311.822
43  319.393
44  338.867
45  346.438
46  365.912
47  373.483
48  392.956
49  400.528
50  420.001
51  427.572
52  447.046
53  454.617
54  474.091
55  481.662
56  501.135
57  508.707
58  528.18
59  535.751
60  555.225
61  562.796
62  582.27
63  589.841
64  609.315
65  616.886
66  636.359
67  643.93
68  663.404
69  670.975
70  690.449
71  698.02
72  717.494
73  725.065
74  744.538
75  752.11
76  771.583
77  779.154
78  798.628
79  806.199
80  825.673
81  833.244
82  852.717
83  860.289
84  879.762
85  887.333
86  906.807
87  914.378
88  933.852
89  941.423
90  960.897
91  968.468
92  987.941
93  995.512
94  1014.99
95  1022.56
96  1042.03
97  1049.6
98  1069.08
99  1076.65
100  1096.12
101  1103.69
102  1123.17
103  1130.74
104  1150.21
105  1157.78
106  1177.25
107  1184.83
108  1204.3
109  1211.87
110  1231.34
111  1238.92
112  1258.39
113  1265.96
114  1285.43
115  1293
116  1312.48
117  1320.05
118  1339.52
119  1347.09
120  1366.57
121  1374.14
122  1393.61
123  1401.18
124  1420.66
125  1428.23
126  1447.7
127  1455.27
128  1474.75
129  1482.32
130  1501.79
131  1509.36
132  1528.84
133  1536.41
134  1555.88
135  1563.45
136  1582.93
137  1590.5
138  1609.97
139  1617.54
140  1637.02
141  1644.59
142  1664.06
143  1671.63
144  1691.11
145  1698.68
146  1718.15
147  1725.72
148  1745.19
149  1752.77
150  1772.24
151  1779.81
152  1799.28
153  1806.86
154  1826.33
155  1833.9
156  1853.37
157  1860.95
158  1880.42
159  1887.99
160  1907.46
161  1915.03
162  1934.51
163  1942.08
164  1961.55
165  1969.12
166  1988.6
167  1996.17
168  2015.64
169  2023.21
170  2042.69
171  2050.26
172  2069.73
173  2077.3
174  2096.78
175  2104.35
176  2123.82
177  2131.39
178  2150.87
179  2158.44
180  2177.91
181  2185.48
182  2204.96
183  2212.53
184  2232
185  2239.57
186  2259.05
187  2266.62
188  2286.09
189  2293.66
190  2313.14
191  2320.71
192  2340.18
193  2347.75
194  2367.22
195  2374.8
196  2394.27
197  2401.84
198  2421.31
199  2428.89
200  2448.36
201  2455.93
202  2475.4
203  2482.97
204  2502.45
205  2510.02
206  2529.49
207  2537.06
208  2556.54
209  2564.11
210  2583.58
211  2591.15
212  2610.63
213  2618.2
214  2637.67
215  2645.24
216  2664.72
217  2672.29
218  2691.76
219  2699.33
220  2718.81
221  2726.38
222  2745.85
223  2753.42
224  2772.9
225  2780.47
226  2799.94
227  2807.51
228  2826.99
229  2834.56
230  2854.03
231  2861.6
232  2881.08
233  2888.65
234  2908.12
235  2915.69
236  2935.16
237  2942.74
238  2962.21
239  2969.78
240  2989.25
241  2996.83
242  3016.3
243  3023.87
244  3043.34
245  3050.92
246  3070.39
247  3077.96
248  3097.43
249  3105
250  3124.48
251  3132.05
252  3151.52
253  3159.09
254  3178.57
255  3186.14
256  3205.61
257  3213.18
258  3232.66
259  3240.23
260  3259.7
261  3267.27
262  3286.75
263  3294.32
264  3313.79
265  3321.36
266  3340.84
267  3348.41
268  3367.88
269  3375.45
270  3394.93
271  3402.5
272  3421.97
273  3429.54
274  3449.02
275  3456.59
276  3476.06
277  3483.63
278  3503.1
279  3510.68
280  3530.15
281  3537.72
282  3557.19
283  3564.77
284  3584.24
285  3591.81
286  3611.28
287  3618.86
288  3638.33
289  3645.9
290  3665.37
291  3672.94
292  3692.42
293  3699.99
294  3719.46
295  3727.03
296  3746.51
297  3754.08
298  3773.55
299  3781.12
300  3800.6
301  3808.17
302  3827.64
303  3835.21
304  3854.69
305  3862.26
306  3881.73
307  3889.3
308  3908.78
309  3916.35
310  3935.82
311  3943.39
312  3962.87
313  3970.44
314  3989.91
315  3997.48
316  4016.96
317  4024.53
318  4044
319  4051.57
320  4071.05
321  4078.62
322  4098.09
323  4105.66
324  4125.13
325  4132.71
326  4152.18
327  4159.75
328  4179.22
329  4186.8
330  4206.27
331  4213.84
332  4233.31
333  4240.88
334  4260.36
335  4267.93
336  4287.4
337  4294.97
338  4314.45
339  4322.02
340  4341.49
341  4349.06
342  4368.54
343  4376.11
344  4395.58
345  4403.15
346  4422.63
347  4430.2
348  4449.67
349  4457.24
350  4476.72
351  4484.29
352  4503.76
353  4511.33
354  4530.81
355  4538.38
356  4557.85
357  4565.42
358  4584.9
359  4592.47
360  4611.94
361  4619.51
362  4638.99
363  4646.56
364  4666.03
365  4673.6
366  4693.07
367  4700.65
368  4720.12
369  4727.69
370  4747.16
371  4754.74
372  4774.21
373  4781.78
374  4801.25
375  4808.83
376  4828.3
377  4835.87
378  4855.34
379  4862.91
380  4882.39
381  4889.96
382  4909.43
383  4917
384  4936.48
385  4944.05
386  4963.52
387  4971.09
388  4990.57
389  4998.14
390  5017.61
391  5025.18
392  5044.66
393  5052.23
394  5071.7
395  5079.27
396  5098.75
397  5106.32
398  5125.79
399  5133.36
400  5152.84
401  5160.41
402  5179.88
403  5187.45
404  5206.93
405  5214.5
406  5233.97
407  5241.54
408  5261.02
409  5268.59
410  5288.06
411  5295.63
412  5315.1
413  5322.68
414  5342.15
415  5349.72
416  5369.19
417  5376.77
418  5396.24
419  5403.81
420  5423.28
421  5430.85
422  5450.33
423  5457.9
424  5477.37
425  5484.94
426  5504.42
427  5511.99
428  5531.46
429  5539.03
430  5558.51
431  5566.08
432  5585.55
433  5593.12
434  5612.6
435  5620.17
436  5639.64
437  5647.21
438  5666.69
439  5674.26
440  5693.73
441  5701.3
442  5720.78
443  5728.35
444  5747.82
445  5755.39
446  5774.87
447  5782.44
448  5801.91
449  5809.48
450  5828.96
451  5836.53
452  5856
453  5863.57
454  5883.04
455  5890.62
456  5910.09
457  5917.66
458  5937.13
459  5944.71
460  5964.18
461  5971.75
462  5991.22
463  5998.8
464  6018.27
465  6025.84
466  6045.31
467  6052.88
468  6072.36
469  6079.93
470  6099.4
471  6106.97
472  6126.45
473  6134.02
474  6153.49
475  6161.06
476  6180.54
477  6188.11
478  6207.58
479  6215.15
480  6234.63
481  6242.2
482  6261.67
483  6269.24
484  6288.72
485  6296.29
486  6315.76
487  6323.33
488  6342.81
489  6350.38
490  6369.85
491  6377.42
492  6396.9
493  6404.47
494  6423.94
495  6431.51
496  6450.99
497  6458.56
498  6478.03
499  6485.6
500  6505.07
501  6512.65
502  6532.12
503  6539.69
