==================================================================================
--------------------------Creature Joints----------------------------
1250.99064472 188.56665647
1268.49806683 137.44435046
1317.83818293 215.33243006
1335.63145883 157.89203197
1219.96877069 77.46174164
1167.77051863 0.00000000
1360.54030259 93.08841019
1370.36636248 0.00000000
--------------------------Creature States----------------------------
-1 -1 -1 -1 -1 3 -1 0 1 6 
---------------------------------------------------------------------
==================================================================================


==================================================================================
--------------------------Creature Joints----------------------------
2603.22918563 188.56665647
2620.73660774 137.44435046
2670.07672383 215.33243006
2687.86999973 157.89203197
2572.20731159 77.46174164
2520.00905954 0.00000000
2712.77884349 93.08841019
2722.60490339 0.00000000
--------------------------Creature States----------------------------
-1 -1 -1 -1 -1 3 -1 0 1 6 
---------------------------------------------------------------------
==================================================================================


==================================================================================
--------------------------Creature Joints----------------------------
3955.46772653 188.56665647
3972.97514864 137.44435046
4022.31526474 215.33243006
4040.10854064 157.89203197
3924.44585250 77.46174164
3872.24760044 0.00000000
4065.01738440 93.08841019
4074.84344429 0.00000000
--------------------------Creature States----------------------------
-1 -1 -1 -1 -1 3 -1 0 1 6 
---------------------------------------------------------------------
==================================================================================


==================================================================================
--------------------------Creature Joints----------------------------
5307.70626744 188.56665647
5325.21368955 137.44435046
5374.55380564 215.33243006
5392.34708154 157.89203197
5276.68439340 77.46174164
5224.48614134 0.00000000
5417.25592530 93.08841019
5427.08198520 0.00000000
--------------------------Creature States----------------------------
-1 -1 -1 -1 -1 3 -1 0 1 6 
---------------------------------------------------------------------
==================================================================================


==================================================================================
--------------------------Creature Joints----------------------------
6659.94480834 188.56665647
6677.45223045 137.44435046
6726.79234655 215.33243006
6744.58562245 157.89203197
6628.92293431 77.46174164
6576.72468225 0.00000000
6769.49446621 93.08841019
6779.32052610 0.00000000
--------------------------Creature States----------------------------
-1 -1 -1 -1 -1 3 -1 0 1 6 
---------------------------------------------------------------------
==================================================================================


