1  -19.5708
2  -31.7907
3  -43.7434
4  -55.2152
5  -66.0406
6  -50.73
7  -33.4606
8  -14.0287
9  -20.9065
10  -34.3373
11  -37.2176
12  -41.7848
13  -53.6142
14  -56.6492
15  -60.7084
16  -51.712
17  -37.932
18  -28.9356
19  -15.1556
20  -6.15917
21  7.62083
22  16.6172
23  30.3972
24  39.3937
25  53.1737
26  62.1701
27  75.9501
28  84.9465
29  98.7265
30  107.723
31  121.503
32  130.499
33  144.279
34  153.276
35  167.056
36  176.052
37  189.832
38  198.829
39  212.609
40  221.605
41  235.385
42  244.381
43  258.161
44  267.158
45  280.938
46  289.934
47  303.714
48  312.711
49  326.491
50  335.487
51  349.267
52  358.263
53  372.043
54  381.04
55  394.82
56  403.816
57  417.596
58  426.593
59  440.373
60  449.369
