1  -19.5708
2  -31.7907
3  -43.7434
4  -55.2152
5  -66.0406
6  -50.73
7  -33.4606
8  -14.0287
9  -13.3614
10  -14.7796
11  -21.826
12  -42.8497
13  -17.3309
14  6.18054
15  6.6714
16  2.28123
17  -7.19532
18  15.2262
19  28.414
20  24.0238
21  14.5473
22  36.9688
23  50.1566
24  45.7664
25  36.2898
26  58.7114
27  71.8992
28  67.509
29  58.0324
30  80.454
31  93.6417
32  89.2516
33  79.775
34  102.197
35  115.384
36  110.994
37  101.518
38  123.939
39  137.127
40  132.737
41  123.26
42  145.682
43  158.869
44  154.479
45  145.003
46  167.424
47  180.612
48  176.222
49  166.745
50  189.167
51  202.355
52  197.964
53  188.488
54  210.909
55  224.097
56  219.707
57  210.231
58  232.652
59  245.84
60  241.45
61  231.973
62  254.395
63  267.582
64  263.192
65  253.716
66  276.137
67  289.325
68  284.935
69  275.458
70  297.88
71  311.068
72  306.677
73  297.201
74  319.622
75  332.81
76  328.42
77  318.943
78  341.365
79  354.553
80  350.163
81  340.686
82  363.108
83  376.295
84  371.905
85  362.429
86  384.85
87  398.038
88  393.648
89  384.171
90  406.593
91  419.78
