1  -13.6825
2  -26.5743
3  -38.5773
4  -49.6
5  -59.5587
6  -68.3775
7  -60.2976
8  -52.7367
9  -46.2748
10  -42.1839
11  -42.5157
12  -44.3166
13  -47.5319
14  -52.0637
15  -56.8228
16  -62.9275
17  -70.3314
18  -78.9782
19  -88.8019
20  -99.7279
21  -105.654
22  -107.665
23  -114.743
24  -116.755
25  -123.833
26  -125.844
27  -132.922
28  -134.934
29  -142.012
30  -144.023
31  -151.101
32  -153.113
33  -160.191
34  -162.202
35  -169.28
36  -171.292
37  -178.37
38  -180.381
39  -187.459
40  -189.471
41  -196.549
42  -198.56
43  -205.638
44  -207.649
45  -214.728
46  -216.739
47  -223.817
48  -225.828
49  -232.907
50  -234.918
51  -241.996
52  -244.007
53  -251.086
54  -253.097
55  -245.606
56  -253.011
57  -255.389
58  -246.399
59  -254.085
60  -256.812
61  -246.372
62  -254.285
63  -257.344
64  -245.507
65  -253.586
66  -256.962
67  -243.787
68  -251.955
69  -255.635
70  -241.187
71  -249.348
72  -253.324
73  -261.486
74  -265.462
75  -264.113
76  -269.611
77  -269.485
78  -267.353
79  -272.626
80  -274.286
81  -271.391
82  -271.517
83  -261.982
84  -266.349
85  -268.037
86  -259.344
87  -255.646
88  -241.165
89  -248.586
90  -253.099
91  -260.519
92  -265.032
93  -263.627
94  -269.011
95  -259.723
96  -245.524
97  -252.945
98  -257.457
99  -256.053
100  -261.436
101  -266.706
102  -259.54
103  -263.677
104  -263.273
105  -268.758
106  -259.846
107  -265.613
108  -260.196
109  -263.536
110  -266.989
111  -271.278
112  -263.824
113  -263.607
114  -259.83
115  -257.257
116  -255.233
117  -253.808
118  -257.739
119  -253.662
120  -256.837
121  -260.575
122  -265.584
123  -259.843
124  -257.76
125  -261.693
126  -266.841
127  -261.607
128  -265.671
129  -260.728
130  -263.45
131  -268.044
132  -274.036
133  -274.001
134  -276.443
135  -269.849
136  -264.536
137  -269.968
138  -264.409
139  -269.62
140  -264.158
141  -268.935
142  -263.669
143  -267.618
144  -272.652
145  -278.656
146  -275.69
147  -273.506
148  -271.91
149  -266.806
150  -271.913
151  -276.343
152  -270.531
153  -275.087
154  -269.595
155  -274.279
156  -269
157  -272.726
158  -268.233
159  -269.879
160  -265.84
161  -262.002
162  -267.109
163  -271.54
164  -265.727
165  -270.284
166  -264.791
167  -269.475
168  -264.196
169  -267.923
170  -272.658
171  -267.609
172  -270.805
173  -276.33
174  -269.928
175  -274.42
176  -280.192
177  -275.822
178  -278.765
179  -285.396
180  -281.24
181  -282.579
182  -274.936
183  -268.449
184  -272.946
185  -267.329
186  -262.925
187  -264.04
188  -270.094
189  -263.772
190  -269.389
191  -263.248
192  -268.025
193  -262.249
194  -267.78
195  -262.071
196  -267.295
197  -271.959
198  -266.043
199  -271.097
200  -265.396
201  -271.082
202  -276.03
203  -275.121
204  -273.178
205  -267.93
206  -273.025
207  -277.655
208  -272.427
209  -276.344
210  -271.266
211  -275.268
212  -270.319
213  -273.218
214  -268.531
215  -269.537
216  -274.862
217  -268.849
218  -273.118
219  -277.861
220  -272.609
221  -276.741
222  -271.617
223  -276.042
224  -271
225  -274.685
226  -269.809
227  -272.141
228  -267.601
229  -265.703
230  -270.798
231  -275.429
232  -269.687
233  -274.117
234  -268.687
235  -273.041
236  -278.607
237  -273.22
238  -269.621
239  -259.706
240  -248.33
241  -256.113
242  -259.942
243  -247.172
244  -255.088
245  -259.287
246  -245.2
247  -253.149
248  -257.704
249  -242.391
250  -250.246
251  -255.146
252  -271.461
253  -266.182
254  -250.925
255  -259.477
256  -254.274
257  -238.747
258  -242.981
259  -251.533
260  -255.767
261  -264.319
262  -259.116
263  -243.589
264  -247.823
265  -256.375
266  -260.609
267  -258.477
268  -263.75
269  -265.41
270  -262.515
271  -262.641
272  -272.329
273  -262.096
274  -271.178
275  -261.021
276  -266.327
277  -269.161
278  -263.958
279  -231.419
280  -236.319
281  -244.173
282  -249.074
283  -256.928
284  -261.828
285  -259.636
286  -265.151
287  -256.551
288  -265.447
289  -260.489
290  -244.523
291  -249.783
292  -258.679
293  -268.59
294  -263.788
295  -247.551
296  -253.033
297  -262.945
298  -268.426
299  -265.5
300  -270.441
301  -269.816
302  -269.081
303  -253.423
304  -258.324
305  -256.131
306  -261.646
307  -253.047
308  -257.947
309  -267.02
310  -265.489
311  -260.146
312  -245.665
313  -253.085
314  -257.598
315  -265.019
316  -244.824
317  -249.337
318  -256.757
319  -261.569
320  -266.363
321  -264.988
322  -270.269
323  -271.968
324  -266.868
325  -252.597
326  -258.253
327  -263.119
328  -261.828
329  -267.005
330  -271.629
331  -263.629
332  -248.866
333  -253.732
334  -252.441
335  -257.618
336  -262.242
337  -264.492
338  -263.2
339  -268.378
340  -259.421
341  -245.403
342  -251.059
343  -255.926
344  -261.581
345  -266.448
346  -265.156
347  -270.334
348  -261.377
349  -247.359
350  -253.015
351  -257.881
352  -256.59
353  -261.768
354  -252.811
355  -238.793
356  -244.449
357  -251.339
358  -259.433
359  -265.706
360  -263.602
361  -268.748
362  -270.42
363  -267.136
364  -266.753
365  -275.288
366  -264.894
367  -271.38
368  -261.418
369  -255.734
370  -263.828
371  -258.782
372  -264.639
373  -249.423
374  -257.517
375  -266.785
376  -261.882
377  -245.87
378  -252.711
379  -258.983
380  -264.591
381  -262.902
382  -268.092
383  -270.935
384  -267.322
385  -273.012
386  -266.354
387  -251.137
388  -259.232
389  -268.499
390  -275.34
391  -272.808
392  -274.575
393  -271.021
394  -265.145
395  -271.417
396  -269.314
397  -274.459
398  -276.131
399  -272.847
400  -272.464
401  -280.999
402  -278.637
403  -273.491
404  -268.324
405  -263.336
406  -258.692
407  -248.018
408  -251.317
409  -239.736
410  -245.18
411  -251.976
412  -243.157
413  -250.468
414  -234.905
415  -241.324
416  -248.58
417  -257.069
418  -264.205
419  -261.747
420  -266.766
421  -270.792
422  -268.785
423  -273.882
424  -272.881
425  -258.275
426  -256.697
427  -261.807
428  -263.437
429  -262.266
430  -267.326
431  -271.394
432  -263.079
433  -248.473
434  -253.239
435  -263.918
436  -269.542
437  -267.964
438  -273.074
439  -276.192
440  -272.459
441  -274.71
442  -271.262
443  -271.884
444  -281.422
445  -276.888
446  -271.928
447  -257.864
448  -262.554
449  -267.32
450  -266.149
451  -271.209
452  -262.53
453  -249.909
454  -248.738
455  -253.799
456  -245.119
457  -232.499
458  -237.189
459  -241.955
460  -246.646
461  -251.412
462  -250.241
463  -255.301
464  -246.622
465  -234.001
466  -238.692
467  -243.458
468  -248.148
469  -254.137
470  -259.761
471  -276.696
472  -271.596
473  -266.595
474  -261.873
475  -257.577
476  -253.824
477  -245.268
478  -235.165
479  -240.343
480  -246.918
481  -254.858
482  -241.751
483  -247.167
484  -255.282
485  -240.856
486  -246.714
487  -254.889
488  -239.258
489  -245.531
490  -253.625
491  -259.897
492  -265.505
493  -270.371
494  -269.08
495  -274.257
496  -265.301
497  -264.962
498  -270.185
499  -276.537
500  -267.273
501  -270.683
502  -269.78
503  -275.695
