----------Weights------------
0.3017365 0.6683248 0.0528275 0.8869900 0.2968230 0.3283792 0.6281014 0.6070742 0.2826624 0.8547929 0.3939940 0.4202399 0.4198737 0.9986877 0.0162053 0.8326975 0.0684530 0.9648427 0.7314371 0.4324168 0.5054170 0.4332408 0.9565111 0.7950682 0.2864162 0.3104343 0.0422071 0.8704489 0.3518784 0.3691824 0.5822932 0.3744926 0.5070650 0.5799738 0.3193762 0.7058931 0.8638569 0.4557329 0.5140233 0.5879391 0.3886532 0.9950255 0.0251778 0.7096774 0.8375195 0.8176519 0.1644642 0.2216559 0.8244881 0.9220862 
0.5698416 0.0907620 0.6654561 0.3365886 0.6678060 0.4750206 0.4295175 0.4126102 0.9461043 0.9929197 0.1761834 0.1368755 0.8809778 0.7002777 0.1475570 0.5281228 0.0619831 0.9927061 0.3166601 0.4937895 0.5540330 0.7475814 0.4476760 0.8346202 0.4984893 0.6743065 0.1480453 0.3280435 0.3070467 0.3932005 0.3646352 0.3037812 0.8915372 0.6937162 0.8188116 0.4965972 0.3044221 0.7834712 0.8483535 0.2573931 0.7369610 0.6206854 0.1845149 0.9322184 0.6408582 0.7224647 0.3518784 0.6545305 0.3935972 0.5905026 
0.8914762 0.8275094 0.4233833 0.7110202 0.3582873 0.0708335 0.6081729 0.8383129 0.0753502 0.7944578 0.9238868 0.2459487 0.3121433 0.2896817 0.9408856 0.8797571 0.6266976 0.8897977 0.0881680 0.9803461 0.9322794 0.1480148 0.5347148 0.0841395 0.9486984 0.2119205 0.2783898 0.9304483 0.5535752 0.0922880 0.5231788 0.6743980 0.1867122 0.2883084 0.7667776 0.3908506 0.2868740 0.5288247 0.5486923 0.7827387 0.4436781 0.7070223 0.5846736 0.9035920 0.1373333 0.8263192 0.7882626 0.3331400 0.9423200 0.0522782 
0.5664235 0.2775658 0.4980926 0.2077090 0.5147252 0.6043275 0.2434156 0.4669942 0.9394513 0.7305521 0.7012543 0.5861385 0.9865719 0.7464827 0.6932279 0.5620289 0.3000885 0.9468673 0.2075259 0.1031526 0.7125767 0.0845058 0.8757591 0.5948057 0.7097995 0.5265053 0.6046022 0.5533921 0.9231239 0.9446089 0.3154088 0.6365246 0.4251839 0.6852626 0.7086703 0.8709067 0.1391949 0.8980071 0.1102634 0.0568255 0.6721702 0.1387371 0.9728080 0.6259651 0.3181555 0.1372417 0.5747551 0.5467086 0.4531083 0.1353496 
0.1668447 0.4289071 0.4139836 0.7849055 0.4324778 0.1829279 0.1891537 0.8940397 0.8926359 0.2883694 0.2358776 0.8982818 0.1114536 0.4065371 0.8241218 0.4105960 0.2863247 0.2512589 0.6640217 0.1897946 0.1595508 0.7093417 0.8602557 0.7191382 0.8706320 0.4686728 0.0109561 0.5895566 0.8576006 0.4119388 0.7891171 0.1873531 0.0040590 0.1183508 0.3507187 0.8425855 0.1224708 0.5696890 0.1171911 0.0683615 0.3903317 0.3634144 0.1009857 0.1391034 0.4531999 0.5111850 0.8501541 0.0697958 0.9949034 0.3078402 
0.4276254 0.7244789 0.4175848 0.4647359 0.4886624 0.8852504 0.3161412 0.2738731 0.1343730 0.8354442 0.5307779 0.6839503 0.4440443 0.8523820 0.2608722 0.7993408 0.7098300 0.2808924 0.2988983 0.8639485 0.7563707 0.2371593 0.0909452 0.0617389 0.3290201 0.1998962 0.8604083 0.3784600 0.3295083 0.3364666 0.0550859 0.7234413 0.0250252 0.0812403 0.9068880 0.6236457 0.3469039 0.5367595 0.3733634 0.3235572 0.6437574 0.6242561 0.5549181 0.5985595 0.0716575 0.7440107 0.7865841 0.9620045 0.1713309 0.8632771 
0.2739341 0.2614216 0.0066530 0.7942137 0.9895322 0.8770409 0.4869533 0.5896176 0.7242958 0.9751885 0.6960356 0.0862148 0.2531205 0.3843806 0.6564837 0.4741966 0.8225349 0.0287790 0.9498581 0.5963012 0.3968627 0.3283486 0.9714652 0.0011292 0.0218207 0.5829340 0.8439589 0.6756493 0.3784906 0.3506272 0.3909726 0.9692679 0.9232459 0.5982849 0.0688192 0.0608234 0.4665365 0.7086703 0.7425764 0.5919065 0.2175054 0.7094638 0.3465377 0.9821772 0.8449355 0.3657643 0.8960234 0.7066561 0.2289193 0.1168554 
0.0843226 0.3051546 0.1868038 0.9947203 0.9110691 0.5103610 0.6044496 0.7408979 0.7107150 0.1234474 0.2022156 0.6937773 0.5148167 0.7610096 0.1708121 0.5750298 0.4288766 0.2403027 0.7516099 0.0178533 0.2601703 0.6704001 0.4717551 0.4899442 0.2908719 0.1717887 0.8880581 0.7285989 0.4094668 0.1872921 0.9129917 0.3354900 0.7482528 0.9090854 0.9071932 0.3263039 0.5544603 0.1293069 0.1031831 0.3938414 0.7995849 0.1910154 0.6911527 0.2780847 0.0725120 0.1200598 0.7577136 0.1514328 0.8923002 0.2050233 
0.4299142 0.1882382 0.4323862 0.9027985 0.6079897 0.8726157 0.2936796 0.3681143 0.6058535 0.4074221 0.2844325 0.3792840 0.9839778 0.9766839 0.9632557 0.9579455 0.4288766 0.9647206 0.6804712 0.1180761 0.7543260 0.3657643 0.5994751 0.0488601 0.3692740 0.2221137 0.0828272 0.3741264 0.3706473 0.6829127 0.8393506 0.1225013 0.7737663 0.5943785 0.6802271 0.1900693 0.5200354 0.0618000 0.6412549 0.7628101 0.1981262 0.9555651 0.3410443 0.1995911 0.5771966 0.0135807 0.2681661 0.9157689 0.0389721 0.4630879 
0.0080569 0.7329936 0.4399854 0.4597613 0.6202277 0.5991699 0.7418439 0.9760430 0.4029664 0.5373089 0.1239051 0.5450301 0.2584613 0.0062258 0.3461715 0.7061068 0.7716300 0.8693808 0.6603290 0.5214393 0.9533677 0.2017884 0.7296976 0.8156072 0.3791620 0.1466414 0.4290902 0.9710990 0.6296579 0.8838771 0.8529008 0.2768639 0.7679678 0.6599628 0.6747337 0.6947539 0.3853572 0.4989776 0.0277413 0.6396985 0.0596637 0.3596606 0.3858760 0.2481765 0.9882199 0.9227577 0.5285501 0.6696066 0.0937529 0.2067629 
0.7618946 0.8013855 0.9352702 0.0156865 0.9570605 0.2639851 0.9165929 0.3041169 0.9688711 0.6316111 0.9838252 0.3094577 0.8243965 0.1481063 0.1352886 0.9054537 0.0446791 0.1080660 0.8931242 0.2039247 0.1389508 0.3871273 0.4914701 0.8137761 0.6163518 0.8990143 0.2367626 0.4577776 0.9951476 0.3032319 0.4268319 0.4166082 0.9164098 0.4279305 0.5080111 0.7800836 0.9933164 0.4606769 0.7320780 0.6182440 0.6750694 0.6807459 0.4301279 0.5487533 0.3396100 0.4479507 0.2336192 0.4054994 0.6776330 0.7540819 
0.6094852 0.1927549 0.3772393 0.0232246 0.1828974 0.7860347 0.0048524 0.2040162 0.1380352 0.8011719 0.9464705 0.9814447 0.3030793 0.6963713 0.5017243 0.9942320 0.7825556 0.0247505 0.3842280 0.2168035 0.9747612 0.3151952 0.5371868 0.6796777 0.7558824 0.5740532 0.3615528 0.8366955 0.3065584 0.6978973 0.6994537 0.3269448 0.9440901 0.1075167 0.4405957 0.9053316 0.4120914 0.3269753 0.6191900 0.8235420 0.2458571 0.0298776 0.2475661 0.8270821 0.9447615 0.9696951 0.9365825 0.6505631 0.3590503 0.5163121 
0.7991882 0.1054415 0.9144566 0.8270821 0.9114353 0.3076266 0.3468123 0.2075564 0.7947325 0.4165166 0.0772118 0.0000305 0.0167547 0.3921323 0.9651784 0.3071383 0.3414106 0.6811731 0.8078860 0.6353038 0.7418744 0.0609149 0.8980071 0.9002350 0.0829188 0.0628376 0.4310434 0.1948607 0.5829951 0.2128666 0.5313272 0.4471877 0.7245094 0.4078799 0.8149663 0.6597186 0.5560167 0.4734947 0.3765069 0.4824061 0.1228980 0.0985748 0.4763024 0.4714499 0.8383435 0.0877102 0.0457167 0.8354747 0.3251747 0.9371624 
0.1850642 0.4773705 0.2737815 0.1319926 0.5994446 0.6489761 0.5717032 0.6138188 0.8212836 0.7708060 0.7114170 0.3991516 0.6385998 0.7749870 0.8670614 0.6794336 0.7144383 0.1570788 0.4984893 0.4396802 0.2172002 0.0816980 0.3380230 0.0106815 0.2302011 0.7746208 0.6434217 0.8386486 0.2691733 0.2394787 0.9685354 0.7585376 0.0144047 0.8671834 0.1337626 0.0984527 0.6555681 0.7791986 0.2132939 0.2218085 0.6408582 0.9989319 0.0437025 0.5373699 0.5731986 0.8567766 0.4452040 0.4005554 0.0889004 0.6707053 
0.9210486 0.4309214 0.6605426 0.1248207 0.2851039 0.7354350 0.5893735 0.5916318 0.5549791 0.5182348 0.4833827 0.7927488 0.0920743 0.1053499 0.7371746 0.3991516 0.8031861 0.8209784 0.4168828 0.6185797 0.5125584 0.5016022 0.5512558 0.4510331 0.7186193 0.8527787 0.0600299 0.4284799 0.3235878 0.1059908 0.5067598 0.1381573 0.0209357 0.2979217 0.8588214 0.7110202 0.7113865 0.6889248 0.4429762 0.9150365 0.7261269 0.7600635 0.2993561 0.1189917 0.1080355 0.8635212 0.6788232 0.1043428 0.0910978 0.0667745 
0.0984832 0.7687613 0.6651204 0.6086001 0.5242775 0.6978668 0.1455733 0.5772576 0.2399976 0.3497116 0.1333354 0.3095187 0.3853267 0.9120762 0.8109684 0.1382183 0.9319437 0.3213294 0.0137333 0.9793695 0.8650777 0.4547258 0.3216956 0.0825831 0.6412854 0.2441786 0.4645222 0.2275460 0.0167547 0.9122288 0.8476821 0.0774865 0.9381390 0.3215430 0.4413892 0.6555376 0.2814112 0.0877712 0.4912870 0.5808893 0.6555681 0.8435316 0.2168645 0.9396039 0.4041871 0.3764458 0.2728660 0.6406446 0.8404798 0.6332896 
0.3622242 0.4562212 0.8822596 0.4092227 0.3220923 0.2571795 0.7397076 0.9934690 0.8517716 0.5433515 0.0048219 0.7514878 0.4782250 0.9163488 0.6280709 0.5703299 0.6121097 0.1142003 0.3351848 0.4010132 0.5293130 0.5683462 0.7705924 0.4652242 0.3331095 0.2382580 0.4674215 0.7358623 0.4022034 0.4997101 0.3288980 0.0502029 0.4247261 0.2182379 0.0475784 0.4414197 0.9189734 0.7396466 0.4432203 0.2803735 0.1253395 0.4456313 0.5374004 0.8613239 0.3826106 0.5846736 0.9421979 0.1959899 0.9781793 0.5746025 
0.0191046 0.4789880 0.6967376 0.9495529 0.9602954 0.3817560 0.7359844 0.5312662 0.8585467 0.7110202 0.0044862 0.8773766 0.1602832 0.8934599 0.2291025 0.8498795 0.4705954 0.8599200 0.7177953 0.0480972 0.4960173 0.9168981 0.9903256 0.5822016 0.0704367 0.7971435 0.2800073 0.7560045 0.9786370 0.4298837 0.2606281 0.3649098 0.5401166 0.7108676 0.2914823 0.6774804 0.7300943 0.1261330 0.5901975 0.3048494 0.5821711 0.2045961 0.8941923 0.0377514 0.9441206 0.6515091 0.7261269 0.0822779 0.5827204 0.5989868 
0.4419385 0.1108737 0.0842616 0.4459975 0.0231330 0.1452376 0.9540391 0.8357494 0.5027619 0.5946837 0.6833399 0.1365093 0.1877804 0.9176611 0.3970153 0.1774651 0.9058809 0.2818079 0.9401837 0.9387799 0.1174657 0.0003662 0.6809290 0.9576098 0.9478439 0.4425184 0.0498367 0.4172796 0.2009033 0.8801538 0.2685324 0.7397687 0.3443709 0.0441908 0.1489914 0.8929411 0.2009339 0.1767022 0.6965545 0.0366832 0.3695181 0.7817316 0.9243446 0.6037782 0.3052156 0.7571032 0.4690695 0.4079714 0.8727683 0.1255837 
0.5956908 0.4664449 0.1473739 0.9226356 0.9754936 0.4903409 0.1334574 0.1680044 0.7464522 0.9897763 0.4904935 0.4351939 0.6302377 0.6496475 0.9828181 0.2092959 0.8506119 0.2455519 0.8766137 0.9676504 0.3015534 0.5239113 0.4878994 0.6084780 0.2801599 0.5507065 0.6518754 0.0681478 0.0501114 0.2065798 0.8016297 0.1328776 0.9552293 0.2406690 0.8683432 0.2180548 0.0537736 0.2464980 0.6204108 0.6869716 0.3427229 0.4538713 0.2239753 0.2150029 0.1276284 0.8559221 0.6434217 0.5091403 0.7679067 0.3184301 
0.7429426 0.9104892 0.3355205 0.8182928 0.1783807 0.9884030 0.0982086 0.1032136 0.9460433 0.7145299 0.3545030 0.3064974 0.4002503 0.4424879 0.0379040 0.1447798 0.3320414 0.8943754 0.0329295 0.8946806 0.2865688 0.3956420 0.3895688 0.6458022 0.2081057 0.3417463 0.1304666 0.2784814 0.0562456 0.9814142 0.9955748 0.8791467 0.3822138 0.6725974 0.3565172 0.1474044 0.3285012 0.1910764 0.5234535 0.4967803 0.7183447 0.7542039 0.3341777 0.5458846 0.6444594 0.2028565 0.8820765 0.2901090 0.9006012 0.9681692 
0.8287912 0.7444685 0.8969085 0.8689535 0.4772790 0.9186071 0.9878842 0.9317606 0.0890835 0.4596393 0.6897183 0.4532304 0.6951811 0.2106388 0.4152348 0.7303690 0.4037294 0.4347972 0.2880032 0.5375530 0.0491348 0.2545244 0.9359111 0.8750267 0.3617664 0.3861507 0.2770775 0.2385327 0.2040773 0.8913541 0.6818445 0.3281045 0.9694205 0.4522843 0.1684011 0.9847713 0.4549394 0.8028199 0.1570177 0.6509293 0.9423811 0.0028382 0.6690268 0.0296335 0.4445936 0.5391705 0.1619617 0.2735069 0.9266030 0.4874111 
0.3702811 0.5097812 0.1346477 0.6639302 0.2955107 0.9414045 0.0522172 0.5743278 0.4876247 0.6463515 0.3193457 0.6829432 0.3354289 0.0408032 0.4075137 0.7958007 0.6934111 0.6818751 0.2395398 0.4600360 0.2700278 0.5960570 0.6246834 0.4811548 0.5994140 0.4475845 0.1392865 0.1529283 0.2159490 0.7902158 0.4382153 0.3241676 0.5596179 0.9694510 0.8679464 0.0888394 0.1840571 0.3179113 0.5611133 0.6636250 0.6597186 0.7188940 0.8544267 0.4203314 0.8565935 0.6666463 0.8794824 0.4689474 0.4361400 0.9492172 
0.9279153 0.9958190 0.4205756 0.1529588 0.7616504 0.1419111 0.0801721 0.9959105 0.1386456 0.9814142 0.8924528 0.5792718 0.9595630 0.5412458 0.3663442 0.7947935 0.6451003 0.6634419 0.4516434 0.8404798 0.3742485 0.8881497 0.0567034 0.6115299 0.2702719 0.7466659 0.8647114 0.4648274 0.3287454 0.2228462 0.8212531 0.0661946 0.0921659 0.0148930 0.8312021 0.7506333 0.0028687 0.6746422 0.5454878 0.4691305 0.8764611 0.4697714 0.5424970 0.7929319 0.2370373 0.9515061 0.3537095 0.4807581 0.4795068 0.1831416 
0.9619739 0.5304422 0.6488845 0.2429579 0.2655721 0.9961852 0.8963897 0.2111576 0.6024354 0.2545549 0.9112217 0.2394177 0.0531022 0.4909207 0.9515976 0.2204962 0.1698050 0.0566729 0.8384045 0.4361705 0.2074343 0.5686819 0.5622120 0.6142155 0.8897366 0.0852077 0.0698569 0.9917600 0.0368969 0.0535905 0.8411206 0.9988098 0.8634907 0.3901486 0.5203101 0.6434828 0.3969543 0.4134037 0.5752129 0.6573992 0.0267037 0.0261544 0.2653584 0.5490585 0.8196966 0.7288430 0.2657857 0.6797998 0.6862392 0.5033418 
0.2657857 0.9714347 0.9348430 0.7399823 0.5327921 0.6954558 0.0578936 0.1138340 0.6377758 0.2859890 0.1253090 0.1761223 0.2312082 0.3953063 0.8803064 0.9433576 0.8266854 0.5379803 0.1633045 0.5140233 0.6326487 0.8196356 0.9165624 0.8214972 0.4582354 0.7590258 0.3449507 0.2842799 0.6552934 0.9549242 0.6273690 0.6808069 0.8938871 0.5338603 0.9402142 0.9608448 0.9827570 0.3076571 0.0490738 0.5274819 0.6430250 0.8448439 0.3221229 0.2601093 0.5625477 0.6903287 0.1399579 0.1638539 0.0116276 0.2745140 
0.2249519 0.5631581 0.5391400 0.6309397 0.3828242 0.5617542 0.7792596 0.1507614 0.2193365 0.2800989 0.3132420 0.9296854 0.4476455 0.4557634 0.4234748 0.1245155 0.5211341 0.3534349 0.6680197 0.2945647 0.2070070 0.3993042 0.3421735 0.9997253 0.3622242 0.1211280 0.5451216 0.5996582 0.7641530 0.4805445 0.4589068 0.1984008 0.9291971 0.5836055 0.3205054 0.8858303 0.0884732 0.8050783 0.6549883 0.2487564 0.9978027 0.6436048 0.2859584 0.1499985 0.8005921 0.2809534 0.1191443 0.5512253 0.1505173 0.4400464 
0.5910520 0.8011414 0.9483322 0.7275307 0.2942289 0.8437452 0.9873348 0.6802271 0.0068972 0.6635945 0.9178747 0.2011170 0.0430006 0.3743095 0.7742546 0.4919584 0.6551714 0.6521500 0.4424574 0.8710898 0.7369915 0.1044954 0.2104251 0.2740257 0.2047487 0.0696127 0.6296274 0.7318949 0.3301492 0.8814661 0.3057955 0.6606037 0.1150548 0.3658864 0.0565203 0.0709555 0.8974273 0.3968627 0.2683187 0.5899533 0.9049043 0.0816370 0.2790002 0.4782861 0.1518296 0.5921506 0.8398389 0.4901883 0.9543443 0.8452712 
0.5582141 0.8175909 0.8898282 0.9102451 0.6208686 0.4620197 0.4004944 0.9632557 0.8147221 0.6984466 0.4066897 0.3866695 0.7163915 0.7361675 0.8535722 0.1645863 0.9041414 0.4919279 0.3932920 0.6454665 0.7891476 0.8334910 0.5196997 0.0414136 0.4358043 0.4502396 0.2876980 0.3626820 0.1724906 0.0863063 0.4132206 0.5318461 0.3827937 0.0658284 0.6117130 0.2869350 0.4114200 0.3703726 0.3997620 0.0071108 0.4982147 0.5476241 0.8543046 0.8915067 0.0039674 0.0440077 0.3881649 0.0459914 0.1489608 0.0755943 
0.6219062 0.1922056 0.0744652 0.7505417 0.6858730 0.0114750 0.5854976 0.7267678 0.9727775 0.7473373 0.0150456 0.9876400 0.3657949 0.2383801 0.6862087 0.7366558 0.7282937 0.4730674 0.1185034 0.6368908 0.5068819 0.5997803 0.3781854 0.7931455 0.1311686 0.6276742 0.5749687 0.6958525 0.5596179 0.8346507 0.9195532 0.6408582 0.1751457 0.1952879 0.1661428 0.5876644 0.1321757 0.5151219 0.9819330 0.8979156 0.7983947 0.7740715 0.7596973 0.5367595 0.8480483 0.7362590 0.0514542 0.8453627 0.3349101 0.6844081 
0.1089511 0.8161260 0.3137303 0.1286966 0.4747765 0.6648762 0.6145512 0.8698386 0.1055635 0.7187414 0.5848262 0.7726371 0.3100681 0.9552904 0.7072665 0.1028779 0.8025452 0.1973327 0.2704245 0.7214576 0.9070406 0.2107913 0.0728782 0.8834193 0.7786187 0.4906461 0.0136418 0.4366588 0.5263527 0.4463027 0.2043825 0.6799829 0.3232521 0.0590838 0.9987487 0.1997436 0.4777978 0.7203894 0.9403058 0.1672720 0.7092196 0.3426923 0.9095126 0.4731285 0.1578417 0.0388501 0.2364879 0.1809137 0.9937742 0.3208106 
0.6991485 0.2020325 0.8991363 0.8493606 0.5298013 0.3658254 0.1446883 0.7307962 0.9711600 0.3343913 0.8663289 0.0359203 0.8891568 0.5606861 0.3069552 0.6248665 0.7390057 0.4325694 0.5486618 0.0813623 0.5031281 0.2302927 0.2926420 0.5726798 0.7467269 0.5637684 0.6844691 0.6434217 0.5891598 0.6738487 0.8596759 0.3494064 0.6855373 0.6688131 0.4960784 0.6811426 0.3075961 0.5265969 0.0101627 0.7083041 0.5249794 0.8780175 0.3590197 0.9608448 0.6109806 0.8256783 0.0303354 0.6618549 0.2344127 0.6229743 
0.3394269 0.4606159 0.1196020 0.1511582 0.8882412 0.3541368 0.5520493 0.4739219 0.4650716 0.3267312 0.8885464 0.9905087 0.2103946 0.8487808 0.0868862 0.8186285 0.3657643 0.0156865 0.9679861 0.9254738 0.2576678 0.3426618 0.9094821 0.9136631 0.7553026 0.8063601 0.2782067 0.0329295 0.3906674 0.3594470 0.5722221 0.4886929 0.7530442 0.4469131 0.6577044 0.7959227 0.3824580 0.3151952 0.6017335 0.9650258 0.7346721 0.5103000 0.2274850 0.4353160 0.1275674 0.2471084 0.6312754 0.2855007 0.3306986 0.3533738 
0.2030091 0.2352062 0.5929136 0.8749351 0.7913755 0.2715842 0.0383312 0.9269997 0.7418134 0.1836604 0.0371105 0.2714927 0.7891171 0.6699728 0.5710013 0.0674154 0.0664388 0.0180059 0.5727103 0.2117679 0.4077578 0.7181005 0.7829524 0.9107334 0.6230049 0.2646565 0.5718863 0.7440718 0.2163152 0.1689505 0.3770867 0.4965056 0.9805292 0.0586566 0.2449110 0.1767937 0.6042970 0.2229072 0.2480544 0.4233528 0.6538591 0.8754845 0.0739463 0.3277078 0.4053163 0.2211371 0.0543535 0.1181982 0.6634114 0.2016053 
0.1342814 0.4004944 0.8800012 0.9563280 0.8088015 0.1206702 0.9743034 0.9021271 0.5750908 0.6088443 0.3614612 0.2701498 0.5303201 0.6370739 0.5415510 0.8259529 0.6549577 0.4952544 0.7893002 0.7027497 0.6121708 0.6814478 0.3510544 0.8215888 0.6637471 0.0159307 0.5988037 0.5551622 0.9042634 0.9013642 0.6622517 0.8167669 0.7764824 0.2400891 0.6002075 0.3369243 0.5282754 0.6042360 0.2351756 0.1408429 0.9816584 0.5035249 0.4695578 0.3238929 0.6472976 0.0406812 0.9834895 0.7109897 0.1939756 0.9443342 
0.2692343 0.2368847 0.0692160 0.2390820 0.3416852 0.3453475 0.2665181 0.2251350 0.8793298 0.0301828 0.8335520 0.9783624 0.2190619 0.9868465 0.8201544 0.9276101 0.3246559 0.7064730 0.9337138 0.6064638 0.6950285 0.8458815 0.6546525 0.5491501 0.7015595 0.1884823 0.6228217 0.5723136 0.3643910 0.7618030 0.5319987 0.4991302 0.8638569 0.9553819 0.8095950 0.4515519 0.9946287 0.6678060 0.0761132 0.5171972 0.1687063 0.7811823 0.1665395 0.7118748 0.7669607 0.2087771 0.8399915 0.6134220 0.3182165 0.1733757 
0.2230598 0.6714377 0.4387646 0.3433638 0.7052217 0.9415876 0.6442763 0.2219916 0.4123966 0.9962157 0.5541856 0.8439589 0.5399945 0.2162847 0.8657491 0.1928159 0.3188879 0.5254067 0.8303171 0.9927366 0.9679861 0.4083071 0.8745079 0.9320353 0.6330149 0.7416913 0.5313272 0.8087100 0.9832453 0.9456465 0.1680654 0.1855831 0.4766076 0.3707083 0.1456038 0.3972900 0.2223884 0.8457595 0.4939421 0.2053896 0.7648244 0.9544053 0.4654378 0.6659444 0.3857845 0.3407392 0.3014618 0.5194861 0.6243782 0.6580401 
0.2609027 0.3695486 0.7279885 0.5346232 0.7853938 0.9250160 0.5340434 0.0883511 0.9754021 0.7991882 0.3241676 0.7680288 0.7128819 0.2317881 0.4394055 0.8728599 0.5247963 0.4037599 0.7401654 0.1254311 0.3291726 0.1028169 0.9128697 0.6842250 0.4026612 0.3898740 0.9851985 0.7322306 0.8565325 0.1422468 0.6007263 0.2082278 0.3103427 0.5625782 0.3746757 0.2365795 0.2217170 0.3221534 0.5498520 0.1420026 0.4869839 0.7219459 0.5648061 0.0183111 0.0112003 0.5594348 0.7677847 0.3857540 0.9861446 0.3509323 
0.2589801 0.8522294 0.1474960 0.3934751 0.2556230 0.6289865 0.3185827 0.7488327 0.4174627 0.0330515 0.7786187 0.3948180 0.3616443 0.3267617 0.9973449 0.7625355 0.5199744 0.3632008 0.5713675 0.4615314 0.5821711 0.5850398 0.7237465 0.7314371 0.6905728 0.0783410 0.9711905 0.6213263 0.3939024 0.6797693 0.3985412 0.5661489 0.4350719 0.1713309 0.0494705 0.7560961 0.4887234 0.5061495 0.4149297 0.8491775 0.8352916 0.4129765 0.3653676 0.9718314 0.0281075 0.9101840 0.6527604 0.2625202 0.9843745 0.7607044 
0.5516526 0.5952330 0.8462783 0.6129337 0.3540147 0.9308451 0.5275124 0.1642811 0.7411725 0.3205054 0.0987579 0.0754112 0.3192236 0.4312571 0.9303262 0.1830500 0.0051881 0.8875393 0.2615436 0.1127354 0.3579211 0.7739189 0.2475356 0.8208563 0.6411328 0.6585589 0.7077853 0.4436171 0.2561113 0.0493179 0.7366558 0.5669729 0.0031129 0.5544908 0.5926084 0.0967132 0.0553911 0.9092685 0.9828791 0.0716880 0.2920316 0.5891293 0.5548570 0.1346477 0.2088992 0.2454604 0.2225410 0.5050203 0.2307199 0.2721335 
0.7425459 0.2406995 0.8131352 0.8921476 0.1385846 0.2780236 0.4449293 0.2561724 0.6815088 0.9655751 0.8366039 0.7509384 0.0935392 0.3790094 0.0065920 0.9594409 0.3535569 0.8819544 0.7552721 0.7781915 0.7143468 0.0171514 0.0669271 0.6190985 0.1036409 0.0557573 0.2963652 0.0805689 0.1418195 0.7145299 0.9187902 0.8640400 0.8384350 0.0567339 0.8379467 0.8576617 0.9699698 0.6889248 0.8570208 0.2958464 0.6557817 0.0747398 0.2340159 0.4495682 0.2715232 0.8293710 0.0851772 0.7684256 0.9623096 0.1174657 
0.1080966 0.7134617 0.4408399 0.8301340 0.8884854 0.6396680 0.7216407 0.5735343 0.5602588 0.5106052 0.0983001 0.3864864 0.7669912 0.4398938 0.2301706 0.2739647 0.2568133 0.2395398 0.8908658 0.6427808 0.9828181 0.0297861 0.5997803 0.0401013 0.0831019 0.5972472 0.9881893 0.0108036 0.3477584 0.0882900 0.3596912 0.3421125 0.4766991 0.4373608 0.6899319 0.5207984 0.3153783 0.6585284 0.2775353 0.0262459 0.7870724 0.8707541 0.8433790 0.0086673 0.5845515 0.3077792 0.9888302 0.4302499 0.7085177 0.8847926 
0.3853572 0.6029237 0.8264718 0.4532609 0.8825343 0.1619922 0.1864681 0.4754479 0.1453597 0.2045045 0.0434889 0.6352123 0.6456801 0.6226997 0.0749840 0.8225959 0.8056276 0.3252358 0.1087985 0.2583087 0.6503800 0.5919675 0.1016877 0.1905881 0.9084750 0.2499161 0.2850734 0.6131474 0.4044313 0.4809412 0.6166875 0.8482315 0.5032502 0.0290536 0.4017762 0.6140629 0.9091769 0.6691183 0.6857814 0.2684713 0.1364177 0.8819239 0.2363353 0.6644795 0.6726279 0.2677999 0.3038423 0.0985137 0.2562029 0.7876217 
0.7130345 0.8162175 0.5957823 0.1575365 0.5619984 0.0611896 0.0648824 0.1593677 0.6755577 0.0846278 0.3484298 0.4154180 0.3962828 0.3322550 0.0936003 0.6881008 0.2627949 0.7278665 0.7893918 0.2458876 0.4794153 0.8301950 0.4205145 0.1155736 0.7904599 0.0069887 0.5250710 0.0468459 0.8730430 0.5536363 0.4797510 0.0421461 0.2901090 0.5780206 0.5675222 0.1600696 0.9545885 0.4821009 0.5327921 0.0171514 0.6913053 0.5255287 0.7834407 0.8704489 0.3527635 0.2519303 0.1094089 0.2376476 0.9064913 0.3459273 
0.8302866 0.1760613 0.1982482 0.3185217 0.1353496 0.2712485 0.9687490 0.2186041 0.4016846 0.9837642 0.2334361 0.1747795 0.2253792 0.5100253 0.7128208 0.9139988 0.7867672 0.6637471 0.1031526 0.1470382 0.1385235 0.1666005 0.2911771 0.6943876 0.0300913 0.1928465 0.7358623 0.3858760 0.4148686 0.8081606 0.4556413 0.6811121 0.0698569 0.3456221 0.6235237 0.1523789 0.7509384 0.2225410 0.2610248 0.4191717 0.6396374 0.1223487 0.7672353 0.9088412 0.7686392 0.7979369 0.4609210 0.4766381 0.5890072 0.3395489 
0.7855770 0.0238655 0.0352489 0.9690847 0.9537339 0.8300119 0.6031373 0.9426252 0.1283914 0.1736198 0.9228797 0.9727470 0.6811121 0.4150822 0.6008179 0.7379681 0.9691153 0.3613392 0.8580584 0.2649922 0.7863704 0.7956175 0.4264046 0.3704031 0.6763207 0.4101382 0.5518967 0.6076235 0.1826533 0.7202063 0.4118473 0.2062136 0.5488754 0.8962676 0.0769982 0.1666311 0.0260628 0.5211646 0.3280435 0.4732200 0.6232490 0.2330699 0.1055330 0.4969329 0.0121158 0.1285134 0.3493454 0.6450087 0.6564837 0.9782708 
0.2723472 0.5721305 0.8597980 0.8330332 0.2259285 0.7317728 0.6417737 0.5797906 0.1557360 0.5312967 0.7640309 0.9545579 0.0060732 0.3172094 0.9439375 0.7500839 0.4758751 0.4314402 0.8365123 0.6607562 0.4323557 0.6770226 0.0466933 0.5406964 0.8294015 0.3706168 0.1360820 0.5747551 0.9496750 0.6555681 0.6356700 0.1065706 0.2756432 0.4936064 0.2044740 0.4259774 0.7107150 0.6947539 0.1616260 0.7777032 0.2616962 0.0025636 0.0179144 0.0534989 0.0954924 0.8466445 0.7883541 0.2244331 0.7285989 0.0275582 
0.9800104 0.0365001 0.0690939 0.3100375 0.6813868 0.2747276 0.6080203 0.4107791 0.7749870 0.9953612 0.6300241 0.5134434 0.0719016 0.0938139 0.7807245 0.0912809 0.6010620 0.1796319 0.5614490 0.5819269 0.6162603 0.9851680 0.8880886 0.4062929 0.1991333 0.8859523 0.4694052 0.5876949 0.3135777 0.7715995 0.9785455 0.1149022 0.2512894 0.3536485 0.9626759 0.1025727 0.0184332 0.2052370 0.6989959 0.7505722 0.1650441 0.1911985 0.7079073 0.6098819 0.3069552 0.3028962 0.4021424 0.5981933 0.9947813 0.8218024 
0.2189703 0.8272652 0.7558824 0.3467208 0.4611042 0.0365917 0.6434523 0.5263527 0.4287545 0.0728172 0.6255684 0.3102817 0.4441359 0.4369640 0.1184118 0.6710410 0.7961364 0.6239509 0.5568407 0.2939543 0.6818445 0.3326823 0.0353710 0.5818659 0.2009033 0.2228767 0.4025086 0.0876797 0.6565447 0.8091067 0.0202033 0.2527848 0.3849300 0.5896481 0.7726981 0.1739250 0.0995819 0.7493820 0.2016663 0.0815760 0.6309397 0.4123051 0.1744133 0.8246712 0.2877895 0.4541765 0.8441725 0.4800867 0.0583209 0.9343547 
0.5148167 0.6118351 0.1087680 0.2338023 0.5180822 0.0404370 0.4566485 0.8504288 0.5619373 0.3084811 0.2376476 0.9139073 0.4109317 0.6086306 0.8667562 0.5694143 0.9237953 0.3363750 0.1745354 0.4136479 0.8626972 0.0794397 0.9336833 0.5724052 0.2993866 0.9566637 0.1505478 0.7261574 0.9415571 0.2448500 0.2682272 0.2028871 0.5350810 0.5246437 0.4822535 0.5090487 0.1488083 0.6816919 0.4824671 0.3685415 0.3094882 0.0143132 0.8359630 0.8930937 0.1332743 0.5541856 0.6624348 0.5135044 0.3291726 0.2997833 
0.5768609 0.1476485 0.7254250 0.5977355 0.4761803 0.9950865 0.5265053 0.7847530 0.7909787 0.6476333 0.1878414 0.1517991 0.2116764 0.9991760 0.3502304 0.3229774 0.2198859 0.3912473 0.6080508 0.6987213 0.4113590 0.1186254 0.0074160 0.6671957 0.4850612 0.9718619 0.4758141 0.9294717 0.1674856 0.3814814 0.4745933 0.3662221 0.9382916 0.8496963 0.7456587 0.5065157 0.2255013 0.4853053 0.0636311 0.2323374 0.4278085 0.9120457 0.4472793 0.5151830 0.2795495 0.3767205 0.2544328 0.3946348 0.7901852 0.4453566 
0.8623005 0.7077242 0.2473830 0.2160710 0.7877132 0.8498184 0.6850490 0.5800348 0.3885006 0.0246590 0.0410779 0.9896237 0.6740318 0.0464492 0.8096561 0.8393200 0.2572100 0.4816736 0.9347209 0.3912473 0.7589038 0.5249794 0.3865169 0.4741661 0.9582507 0.4465773 0.1189306 0.3479110 0.1256752 0.6175726 0.5713370 0.4036683 0.4500870 0.0366832 0.2539445 0.2205267 0.1416669 0.2937712 0.9012421 0.4735557 0.9882199 0.0717185 0.5262612 0.5197607 0.3691519 0.7976623 0.5001068 0.2896512 0.2718284 0.0979339 
0.4183477 0.8319651 0.6273690 0.6932279 0.1119724 0.5581530 0.7258522 0.0798059 0.2548906 0.6956389 0.3010956 0.9342936 0.8354137 0.4625385 0.7830744 0.1338847 0.8222907 0.6291391 0.3448897 0.2721641 0.0012207 0.6375927 0.6489761 0.7368999 0.7634510 0.0088504 0.9002045 0.4635762 0.1892148 0.9074679 0.2018189 0.6950591 0.0814234 0.1752983 0.4883877 0.6766869 0.5576647 0.8539079 0.7096164 0.1279641 0.1861629 0.5361797 0.6036866 0.7673879 0.9421674 0.9997864 0.7311930 0.2217780 0.4370861 0.8838466 
0.0654317 0.2300790 0.3228553 0.4447462 0.0883206 0.6919462 0.6850490 0.9259011 0.9460433 0.2226325 0.2562334 0.6887722 0.1827143 0.6188849 0.7142552 0.7834407 0.1644337 0.6396069 0.4987945 0.5517136 0.0481887 0.1858272 0.6018860 0.9649342 0.1838435 0.7584155 0.0391247 0.1492660 0.9972228 0.2945341 0.8839381 0.4268319 0.3651845 0.4141972 0.3905454 0.3823054 0.1054109 0.0794702 0.5223243 0.2655721 0.5811640 0.9357891 0.4270760 0.6218146 0.9677419 0.4056825 0.7723319 0.7292398 0.3386029 0.4813990 
0.7067171 0.9066744 0.9092380 0.2718589 0.1073946 0.0072024 0.7440718 0.7310709 0.3167211 0.6616413 0.6882839 0.4581744 0.7314371 0.3116855 0.5094150 0.7669912 0.9321574 0.3110446 0.9327067 0.9969481 0.7256386 0.5863521 0.1875362 0.0528581 0.1000397 0.6658834 0.0963775 0.6657002 0.1015351 0.2726829 0.4213996 0.2009033 0.9507736 0.5860775 0.0805078 0.6015503 0.3951231 0.5442366 0.9819941 0.1595202 0.0393994 0.6813868 0.0573443 0.9854732 0.0902738 0.7387005 0.7393414 0.4604938 0.2709738 0.0941191 
0.2353282 0.9466231 0.0255440 0.6003296 0.2285226 0.4834742 0.3913999 0.9714042 0.5745109 0.2165899 0.8707846 0.0588092 0.1350139 0.0406201 0.9402142 0.9167455 0.6943571 0.4541459 0.3222449 0.4853969 0.9973144 0.4226814 0.7729118 0.0650349 0.8895230 0.0872524 0.5136265 0.5133518 0.6408887 0.8049562 0.1761223 0.7169103 0.8911100 0.7237465 0.5113376 0.3848994 0.5753655 0.1686148 0.1124607 0.9245277 0.6751305 0.5252541 0.1185644 0.6736351 0.8560442 0.4621418 0.8625752 0.9692068 0.4275948 0.9610889 
0.3679922 0.4717856 0.0001526 0.0225227 0.4592730 0.9871517 0.3115329 0.0773034 0.2816248 0.9363994 0.7592395 0.6503189 0.8392895 0.4423963 0.5282754 0.7842647 0.8369396 0.6562090 0.1020234 0.4447462 0.1425825 0.9099399 0.2564776 0.6292611 0.0247505 0.1402020 0.7184057 0.5597400 0.3862423 0.9111606 0.9925535 0.7768181 0.9090548 0.8589434 0.5256508 0.5283059 0.0418714 0.8590960 0.5493942 0.3141881 0.8084048 0.1691641 0.6316721 0.8137761 0.0256966 0.8126164 0.2629475 0.4421216 0.4557024 0.5626392 
0.9340495 0.7910398 0.9410993 0.6670736 0.0515763 0.1853084 0.5439009 0.3628651 0.5468001 0.7999207 0.3696707 0.4533830 0.7457808 0.7392193 0.4853969 0.4563738 0.8260445 0.4458144 0.0013733 0.4300668 0.5434126 0.0356151 0.9543138 0.6454360 0.2211066 0.6976531 0.0763268 0.3733024 0.2211066 0.8303476 0.7018036 0.6067080 0.3927732 0.9127171 0.2497635 0.2469558 0.6743065 0.4507279 0.2176275 0.4297617 0.4864650 0.3076571 0.9368572 0.6904508 0.9438765 0.4718162 0.9204688 0.4913785 0.0035707 0.6458327 
0.1134983 0.5842463 0.2705771 0.0182196 0.2126530 0.1379131 0.2334056 0.5926389 0.6668905 0.9995422 0.6699728 0.6541337 0.9138462 0.4417859 0.4940336 0.3580126 0.6646626 0.2610858 0.4003113 0.4807581 0.2287057 0.1959899 0.5556200 0.7250587 0.3787347 0.2382275 0.1009247 0.8214972 0.0336619 0.4089175 0.5026093 0.9434797 0.3092135 0.2327647 0.6537065 0.8539689 0.6449171 0.6646321 0.2872707 0.5069735 0.0152287 0.6577960 0.6714988 0.0552995 0.0678121 0.1088595 0.3118381 0.1964476 0.3688772 0.3617969 
0.6381420 0.2654805 0.1916562 0.4617756 0.7015290 0.3118381 0.4656514 0.6552324 0.6632588 0.2512589 0.7692801 0.5805231 0.5459151 0.9281289 0.4295175 0.6573382 0.8056581 0.7672658 0.2410657 0.0028687 0.5728019 0.3174841 0.2877895 0.5453352 0.8004395 0.9714957 0.2367626 0.7273782 0.9310282 0.6681112 0.5312357 0.3979614 0.7979369 0.6802576 0.2432020 0.2784814 0.1612293 0.6582537 0.2862026 0.2305368 0.7448653 0.4018067 0.7451094 0.8631550 0.8307443 0.0366832 0.1333048 0.5213782 0.0086978 0.9309671 
0.8756676 0.3674429 0.9437544 0.5135350 0.6788232 0.5579089 0.1037019 0.9773247 0.5542467 0.9846492 0.0975982 0.9868465 0.2389599 0.1362041 0.6270028 0.8928190 0.2483596 0.2348704 0.3661611 0.5977050 0.7040620 0.7061678 0.7328104 0.8995025 0.9619129 0.1528062 0.3538621 0.9128697 0.0559099 0.1865596 0.3509629 0.8997772 0.3838923 0.3630177 0.8220161 0.3273415 0.5635548 0.0593280 0.9619129 0.6667379 0.4099246 0.4643391 0.5108798 0.4911649 0.5872982 0.6824244 0.7262795 0.2136601 0.5247963 0.4794153 
0.7789239 0.0137638 0.3967406 0.2240974 0.8111209 0.9339274 0.8837245 0.9780877 0.7060152 0.3222755 0.6429945 0.2374645 0.5010529 0.2448195 0.6738182 0.1028474 0.9495224 0.6582842 0.6220893 0.5878170 0.3853267 0.0444960 0.9915464 0.1590930 0.4304025 0.7097385 0.0824305 0.4824061 0.6941740 0.3708609 0.7971435 0.2307810 0.3027741 0.3624683 0.2849513 0.3967711 0.3239235 0.8540605 0.3931394 0.0313730 0.4337596 0.3685720 0.8374584 0.9946898 0.6466262 0.0441603 0.8496963 0.6223029 0.6451613 0.7698904 
0.3414716 0.1991638 0.1525010 0.6816919 0.3585314 0.6912442 0.1851253 0.4368725 0.3166601 0.6465346 0.5475936 0.1246681 0.2032228 0.0731223 0.5862300 0.2149113 0.1386761 0.0216376 0.7630543 0.5538804 0.7852412 0.6937468 0.7353740 0.3797723 0.7625965 0.5128636 0.0381787 0.6346019 0.6412244 0.4530473 0.5827204 0.3468123 0.8824122 0.8228706 0.7062593 0.9746391 0.6624348 0.3046968 0.4353160 0.0032655 0.0653706 0.6545915 0.4469741 0.2699973 0.6133915 0.0370190 0.9751579 0.9202857 0.1230201 0.6066774 
0.0043641 0.4446242 0.2268136 0.4232917 0.7497482 0.3312479 0.4761498 0.7302774 0.4679098 0.7614978 0.5678274 0.3743095 0.4636372 0.2236702 0.9650563 0.4427320 0.9007233 0.0372631 0.1098972 0.8178350 0.4772790 0.3200171 0.5371258 0.5700247 0.9065523 0.4331492 0.4875942 0.6621296 0.3332011 0.9606616 0.8952910 0.0087283 0.7745598 0.3980224 0.8715171 0.5950804 0.4959868 0.7388226 0.1636402 0.0107120 0.2309946 0.5230873 0.3553270 0.6400647 0.5141148 0.4664449 0.4316843 0.0307932 0.6155583 0.5197607 
0.9579760 0.9354534 0.3607593 0.7960753 0.4260384 0.2281564 0.5432600 0.7623524 0.4792627 0.2279122 0.9736320 0.2839137 0.6130253 0.3003327 0.1278115 0.5551622 0.3900876 0.3726920 0.8593707 0.7889340 0.0148320 0.5101474 0.9180578 0.3405866 0.0024110 0.4020508 0.4825282 0.8476516 0.3222755 0.6671041 0.7474593 0.9695425 0.8386792 0.8670309 0.7581713 0.6985382 0.9088717 0.7946715 0.0579546 0.4285409 0.2158574 0.7406232 0.3224281 0.4746849 0.5907773 0.9890133 0.6972564 0.5719474 0.5858638 0.5622730 
0.4890591 0.7510300 0.0307016 0.1758171 0.3764763 0.2772607 0.3110141 0.4477065 0.3310343 0.7427290 0.7548143 0.1472213 0.3381756 0.2812891 0.2626118 0.9340495 0.4371776 0.4375744 0.7619251 0.4041261 0.8229011 0.9226661 0.9467757 0.3620411 0.9504379 0.2061220 0.0489517 0.9949950 0.3737907 0.3900266 0.6636250 0.9053621 0.3285623 0.3839228 0.5794855 0.5774407 0.2163762 0.8878140 0.1567431 0.2316965 0.8800317 0.4839015 0.4091922 0.3854488 0.8345897 0.7321390 0.4939421 0.7322306 0.0616169 0.7602771 
0.9966430 0.6702170 0.8015687 0.6521195 0.8066042 0.2834254 0.6969207 0.0575274 
0.1353191 0.2844630 0.0732139 0.6058535 0.1868038 0.5897702 0.6384167 0.2758263 
0.0216681 0.8179571 0.3142491 0.4249397 0.1988281 0.5997192 0.2721641 0.4735252 
0.4655904 0.6497391 0.0219733 0.0570086 0.3073824 0.0631733 0.3892941 0.5822321 
0.8090152 0.5641041 0.8283944 0.7495651 0.8055055 0.9203467 0.9525437 0.5845515 
0.6899014 0.7318033 0.6927091 0.7617420 0.3774224 0.2638630 0.2670980 0.7705008 
0.3725394 0.1142613 0.3570971 0.6062502 0.8192083 0.7924741 0.5174108 0.0901212 
0.9684744 0.5594348 0.9299600 0.8833583 0.8771630 0.9945677 0.8962676 0.5435041 
0.2644124 0.4422742 0.5170751 0.5692007 0.4564653 0.6524247 0.1825007 0.0002136 
0.1455428 0.3091525 0.3637806 0.9397259 0.7987609 0.9812311 0.9438459 0.0988189 
0.0847499 0.3337809 0.9868770 0.3933226 0.4325388 0.0809961 0.8975799 0.6459243 
0.2797327 0.9107028 0.5823542 0.7051607 0.0346080 0.1982177 0.8814966 0.7944578 
0.7119358 0.2048402 0.9396039 0.2219001 0.8262581 0.7605823 0.7490768 0.6147954 
0.2092654 0.2521439 0.6014283 0.2121952 0.6050600 0.4850002 0.8199103 0.6452834 
0.9740593 0.7401044 0.4414197 0.0745262 0.1795709 0.2720115 0.1008637 0.6166875 
0.6214789 0.3244423 0.7798395 0.2658467 0.8328196 0.6588641 0.8147832 0.7540513 
0.5785394 0.2009644 0.7600635 0.0577715 0.0142216 0.3323466 0.6559343 0.7104099 
0.3308817 0.3446150 0.6487625 0.0566118 0.5128941 0.0195929 0.6692404 0.5770745 
0.7665639 0.2289499 0.0914640 0.2008118 0.1794488 0.8070009 0.0680868 0.3072298 
0.5349284 0.2519913 0.4020203 0.0452284 0.7066256 0.0591144 0.8331553 0.6261177 
0.4346446 0.7732780 0.0341502 0.6623432 0.9549852 0.3177587 0.8060854 0.6371044 
0.9861751 0.7941832 0.1784112 0.5504318 0.4933622 0.0540178 0.4441359 0.8318125 
0.9351482 0.0563982 0.0108646 0.9909665 0.1498764 0.4919584 0.4003723 0.2630085 
0.2923063 0.8492996 0.0222175 0.7809076 0.8728599 0.5059969 0.7205420 0.5104526 
0.8945280 0.4039125 0.8546098 0.7372967 0.9512925 0.2127750 0.0556658 0.6261788 
0.2102115 0.5536973 0.7019868 0.6089663 0.0120548 0.5865963 0.3353374 0.5367290 
0.4051943 0.6816919 0.1221351 0.5130467 0.0536515 0.2440870 0.5852535 0.2468947 
0.5689566 0.7786798 0.3060091 0.0956450 0.0074160 0.1788995 0.6157109 0.4474929 
0.2953581 0.2361522 0.1682180 0.4835353 0.9327067 0.1011994 0.9162572 0.1328166 
0.7802973 0.8267464 0.3577685 0.9569994 0.4348277 0.2732933 0.6243171 0.9792474 
0.2172002 0.1093478 0.8318735 0.9557482 0.7354656 0.7159642 0.5341960 0.9602344 
0.3993347 0.9777520 0.6048769 0.2216559 0.5125889 0.5897092 0.1970580 0.9407941 
0.3357036 0.4571062 0.1569567 0.5154881 0.2690512 0.0774865 0.6454970 0.8933683 
0.6937773 0.9845271 0.5213477 0.2558367 0.1740471 0.9006928 0.7729728 0.2230903 
0.7531053 0.2925810 0.3513901 0.7747734 0.8308664 0.3740043 0.2308725 0.8475295 
0.4909207 0.4965361 0.6852321 0.0311289 0.8179266 0.4141057 0.8042848 0.8782922 
0.5596789 0.5407575 0.8593097 0.8910489 0.0830103 0.6928922 0.5015717 0.4022340 
0.2641987 0.6891690 0.8436232 0.0431227 0.3411359 0.4787133 0.0153813 0.6806848 
0.4356517 0.3462630 0.7518845 0.0088504 0.3954894 0.0234993 0.0245674 0.1051363 
0.5113987 0.8743858 0.1783197 0.0059206 0.0324107 0.9807733 0.1700491 0.2598651 
0.8612934 0.3664663 0.9284341 0.9471419 0.1415143 0.4686728 0.8214667 0.5175329 
0.2837001 0.6231574 0.4472793 0.1089511 0.1046785 0.3252968 0.8077639 0.1978515 
0.7519761 0.7556993 0.9846797 0.1933042 0.3074129 0.7097995 0.0826746 0.3501389 
0.2486038 0.9437849 0.1878109 0.9672842 0.9233680 0.2585833 0.5535752 0.4998321 
0.1597034 0.2901700 0.5578478 0.5493637 0.9173559 0.6079287 0.5511643 0.0902738 
0.3359478 0.8980987 0.7365642 0.2588275 0.4217048 0.3494369 0.1189917 0.8906217 
0.1676992 0.4428846 0.4330576 0.6451003 0.2278512 0.2721030 0.3896603 0.6257515 
0.5698721 0.2479324 0.0083926 0.8559526 0.8436842 0.9005402 0.2407300 0.6031068 
0.2334666 0.7937254 0.6487625 0.6908170 0.2292550 0.6704611 0.2993866 0.7777642 
0.8155461 0.1842097 0.8036134 0.5372173 0.6399731 0.9777825 0.0199591 0.6264229 
----------Biases------------
0.0424512 -0.2381970 0.3493454 0.4849696 0.2700583 -0.1938841 -0.5370342 -0.5256813 0.2878811 -0.3637501 -0.6057009 -0.1524400 -0.9978027 -0.5243995 0.3955504 0.4382763 -0.6331675 0.0158391 0.6598407 0.1785028 0.7577441 0.6172979 0.1858272 -0.3514817 -0.2781762 -0.6803491 -0.9236427 0.7874081 -0.5876949 0.3517869 -0.9207739 0.5267190 0.3254799 0.5811640 0.7951598 -0.2907498 -0.3920103 0.5262917 -0.4531693 0.9675283 -0.2345347 0.3938414 -0.3680837 -0.4183172 0.6317637 0.4484695 -0.4723960 -0.2939238 -0.5599841 0.0675375 
-0.8398999 0.3558153 0.4542070 0.7303995 -0.9482406 -0.8235420 -0.3049715 0.9300516 -0.8148137 0.4727622 0.9533067 -0.3163244 0.3707694 -0.4552446 0.5271462 -0.9331034 -0.5914182 -0.2430799 -0.9850459 0.0457472 0.2018799 0.5748772 0.6454970 0.8573565 0.9890744 -0.3480636 0.7139195 -0.9433576 0.2752464 -0.3638112 0.2329478 0.7252724 -0.7209387 0.1753288 0.5964232 0.7873470 0.5276345 0.9749138 0.0970183 0.9291971 0.7003082 0.9383526 0.9000824 -0.8939787 0.6893216 0.8660848 0.1400494 -0.3504440 -0.8574175 0.7997375 
0.7493820 -0.2726218 0.8464309 0.9291971 -0.7128208 -0.7336344 -0.6733299 -0.2088382 
