1  -13.5065
2  -23.0158
3  -32.1854
4  -44.0581
5  -54.9273
6  -61.9281
7  -64.3736
8  -53.882
9  -45.4141
10  -25.9831
11  -15.6436
12  -5.63189
13  4.1578
14  13.6509
15  17.4506
16  11.4298
17  19.9363
18  12.0681
19  20.8035
20  20.4346
21  20.4346
22  20.4346
23  20.4346
24  22.0224
25  33.602
26  23.0714
27  32.6773
28  23.4326
29  33.0385
30  37.8715
31  52.11
32  37.8323
33  49.9686
34  59.801
35  49.9686
36  59.801
37  45.5233
38  55.8945
39  67.8562
40  58.0238
41  67.8562
42  58.0238
43  48.3202
44  39.1804
45  30.6741
46  20.3348
47  10.1116
48  -0.267991
49  -10.6929
50  -19.6199
51  -29.4706
52  -37.4533
53  -46.4305
54  -57.6139
55  -64.9382
56  -63.4883
57  -54.8642
58  -56.6267
59  -60.0605
60  -60.0605
61  -60.0605
62  -56.6267
63  -62.0383
64  -58.6106
65  -62.2247
66  -55.47
67  -59.3324
68  -50.7399
69  -54.02
70  -59.3248
71  -52.5701
72  -49.2899
73  -54.6186
74  -47.84
75  -51.1201
76  -51.1201
77  -49.377
78  -52.8108
79  -49.377
80  -51.1201
81  -52.8108
82  -56.4249
83  -54.975
84  -46.4771
85  -44.7145
86  -44.7145
87  -46.4771
88  -49.9109
89  -49.9109
90  -46.4771
91  -51.8887
92  -53.6799
93  -48.4612
94  -45.0275
95  -48.4612
96  -56.6425
97  -44.5397
98  -46.545
99  -39.5263
100  -44.9379
101  -36.3138
102  -38.0763
103  -34.6231
104  -40.0313
105  -38.5813
106  -29.8926
107  -31.7232
108  -28.3556
109  -33.7079
110  -25.0624
111  -23.463
112  -26.753
113  -26.753
114  -28.4426
115  -26.753
116  -33.878
117  -32.428
118  -23.8531
119  -20.5631
120  -19.2562
121  -19.2562
122  -20.5631
123  -23.8531
124  -20.5631
125  -20.5631
126  -24.2434
127  -20.7126
128  -22.4032
129  -22.4032
130  -19.1132
131  -24.4134
132  -17.6632
133  -17.6632
134  -16.3563
135  -14.6657
136  -16.1262
137  -14.6657
138  -13.329
139  -13.329
140  -14.6657
141  -16.1262
142  -13.329
143  -12.5075
144  -14.5082
145  -18.4129
146  -16.881
147  -15.349
148  -15.2361
149  -15.1232
150  -13.7018
151  -14.5234
152  -12.7237
153  -17.9409
154  -12.8107
155  -11.5038
156  -18.1109
157  -11.3608
158  -16.661
159  -15.211
160  -11.7509
161  -11.7509
162  -16.9618
163  -16.9618
164  -20.6793
165  -19.2293
166  -15.8244
167  -14.0619
168  -14.0619
