1  -5.73859
2  -7.22878
3  -15.3336
4  -39.246
5  -12.0413
6  1.45112
7  -8.45663
8  -17.9089
9  -26.714
10  -34.7214
11  -42.1314
12  -50.1388
13  -57.5488
14  -65.5563
15  -72.9663
16  -80.9737
17  -88.3837
18  -96.3912
19  -103.801
20  -111.809
21  -119.219
22  -127.226
23  -134.636
24  -142.643
25  -150.053
26  -158.061
27  -165.471
28  -173.478
29  -180.888
30  -188.896
31  -196.306
32  -204.313
33  -211.723
34  -219.731
35  -227.141
36  -235.148
37  -242.558
38  -250.566
39  -257.976
40  -265.983
41  -273.393
42  -281.4
43  -271.519
44  -279.584
45  -288.494
46  -276.808
47  -285.387
48  -295.202
49  -281.685
50  -290.594
51  -300.883
52  -312.571
53  -317.504
54  -323.061
55  -328.978
56  -335.208
57  -341.125
58  -347.355
59  -353.272
60  -359.502
61  -365.419
62  -371.649
63  -377.566
64  -383.796
65  -389.713
66  -395.943
67  -401.86
68  -408.09
69  -414.007
70  -420.237
71  -426.154
72  -432.384
73  -438.301
74  -444.531
75  -450.448
76  -456.678
77  -462.595
78  -468.825
79  -474.742
80  -480.972
81  -486.889
82  -493.119
83  -499.036
84  -505.266
85  -511.183
86  -517.413
87  -523.33
88  -529.56
89  -535.477
90  -541.707
91  -547.624
92  -553.854
93  -559.771
94  -566.001
95  -571.918
96  -578.148
97  -584.065
98  -590.295
99  -596.212
100  -602.442
101  -608.359
102  -614.589
103  -620.506
104  -626.736
105  -632.653
106  -638.883
107  -644.8
108  -651.03
109  -656.947
110  -663.177
111  -669.094
112  -675.324
113  -681.242
114  -687.471
115  -693.389
116  -699.618
117  -705.536
118  -711.765
119  -717.683
120  -723.912
121  -729.83
122  -736.059
123  -741.977
124  -748.206
125  -754.124
126  -760.353
127  -766.271
128  -772.5
129  -778.418
130  -784.647
131  -790.565
132  -796.794
133  -802.712
134  -808.941
135  -814.859
136  -821.088
137  -827.006
138  -833.235
139  -839.153
140  -845.382
141  -851.3
142  -857.529
143  -863.447
144  -869.676
145  -875.594
146  -881.823
147  -887.741
148  -893.971
149  -899.888
150  -906.118
151  -912.035
152  -918.265
153  -924.182
154  -930.412
155  -936.329
156  -942.559
157  -948.476
158  -954.706
159  -960.623
160  -966.853
161  -972.77
162  -979
163  -984.917
164  -991.147
165  -997.064
166  -1003.29
167  -1009.21
168  -1015.44
169  -1021.36
170  -1027.59
171  -1033.51
172  -1039.73
173  -1045.65
174  -1051.88
175  -1057.8
176  -1064.03
177  -1069.95
178  -1076.18
179  -1082.09
180  -1088.32
181  -1094.24
182  -1100.47
183  -1106.39
184  -1112.62
185  -1118.53
186  -1124.76
187  -1130.68
188  -1136.91
189  -1142.83
190  -1149.06
191  -1154.98
192  -1161.2
193  -1167.12
194  -1173.35
195  -1179.27
196  -1185.5
197  -1191.42
198  -1197.65
199  -1203.56
200  -1209.79
201  -1215.71
202  -1221.94
203  -1227.86
204  -1234.09
205  -1240
206  -1246.23
207  -1252.15
208  -1258.38
209  -1264.3
210  -1270.53
211  -1276.45
212  -1282.68
213  -1288.59
214  -1294.82
215  -1300.74
216  -1306.97
217  -1312.89
218  -1319.12
219  -1325.03
220  -1331.26
221  -1337.18
222  -1343.41
223  -1349.33
224  -1355.56
225  -1361.47
226  -1367.7
227  -1373.62
228  -1379.85
229  -1385.77
230  -1392
231  -1397.92
232  -1404.15
233  -1410.06
234  -1416.29
235  -1422.21
236  -1428.44
237  -1434.36
238  -1440.59
239  -1446.5
240  -1452.73
241  -1458.65
242  -1464.88
243  -1470.8
244  -1477.03
245  -1482.94
246  -1489.17
247  -1495.09
248  -1501.32
249  -1507.24
250  -1513.47
251  -1519.39
252  -1525.62
253  -1531.53
254  -1537.76
255  -1543.68
256  -1549.91
257  -1555.83
258  -1562.06
259  -1567.97
260  -1574.2
261  -1580.12
262  -1586.35
263  -1592.27
264  -1598.5
265  -1604.41
266  -1610.64
267  -1616.56
268  -1622.79
269  -1628.71
270  -1634.94
271  -1640.86
272  -1647.09
273  -1653
274  -1659.23
275  -1665.15
276  -1671.38
277  -1677.3
278  -1683.53
279  -1689.44
280  -1695.67
281  -1701.59
282  -1707.82
283  -1713.74
284  -1719.97
285  -1725.89
286  -1732.11
287  -1738.03
288  -1744.26
289  -1750.18
290  -1756.41
291  -1762.33
292  -1768.56
293  -1774.47
294  -1780.7
295  -1786.62
296  -1792.85
297  -1798.77
298  -1805
299  -1810.91
300  -1817.14
301  -1823.06
302  -1829.29
303  -1835.21
304  -1841.44
305  -1847.36
306  -1853.59
307  -1859.5
308  -1865.73
309  -1871.65
310  -1877.88
311  -1883.8
312  -1890.03
313  -1895.94
314  -1902.17
315  -1908.09
316  -1914.32
317  -1920.24
318  -1926.47
319  -1932.38
320  -1938.61
321  -1944.53
322  -1950.76
323  -1956.68
324  -1962.91
325  -1968.83
326  -1975.06
327  -1980.97
328  -1987.2
329  -1993.12
330  -1999.35
331  -2005.27
332  -2011.5
333  -2017.41
334  -2023.64
335  -2029.56
336  -2035.79
337  -2041.71
338  -2047.94
339  -2053.85
340  -2060.08
341  -2066
342  -2072.23
343  -2078.15
344  -2084.38
345  -2090.3
346  -2096.53
347  -2102.44
348  -2108.67
349  -2114.59
350  -2120.82
351  -2126.74
352  -2132.97
353  -2138.88
354  -2145.11
355  -2151.03
356  -2157.26
357  -2163.18
358  -2169.41
359  -2175.32
360  -2181.55
361  -2187.47
362  -2193.7
363  -2199.62
364  -2205.85
365  -2211.77
366  -2218
367  -2223.91
368  -2230.14
369  -2236.06
370  -2242.29
371  -2248.21
372  -2254.44
373  -2260.35
374  -2266.58
375  -2272.5
376  -2278.73
377  -2284.65
378  -2290.88
379  -2296.8
380  -2303.02
381  -2308.94
382  -2315.17
383  -2321.09
384  -2327.32
385  -2333.24
386  -2339.47
387  -2345.38
388  -2351.61
389  -2357.53
390  -2363.76
391  -2369.68
392  -2375.91
393  -2381.82
394  -2388.05
395  -2393.97
396  -2400.2
397  -2406.12
398  -2412.35
399  -2418.27
400  -2424.49
401  -2430.41
402  -2436.64
403  -2442.56
404  -2448.79
405  -2454.71
406  -2460.94
407  -2466.85
408  -2473.08
409  -2479
410  -2485.23
411  -2491.15
412  -2497.38
413  -2503.29
414  -2509.52
415  -2515.44
416  -2521.67
417  -2527.59
418  -2533.82
419  -2539.74
420  -2545.97
421  -2551.88
422  -2558.11
423  -2564.03
424  -2570.26
425  -2576.18
426  -2582.41
427  -2588.32
428  -2594.55
429  -2600.47
430  -2606.7
431  -2612.62
432  -2618.85
433  -2624.76
434  -2630.99
435  -2636.91
436  -2643.14
437  -2649.06
438  -2655.29
439  -2661.21
440  -2667.44
441  -2673.35
442  -2679.58
443  -2685.5
444  -2691.73
445  -2697.65
446  -2703.88
447  -2709.79
448  -2716.02
449  -2721.94
450  -2728.17
451  -2734.09
452  -2740.32
453  -2746.23
454  -2752.46
455  -2758.38
456  -2764.61
457  -2770.53
458  -2776.76
459  -2782.68
460  -2788.91
461  -2794.82
462  -2801.05
463  -2806.97
464  -2813.2
465  -2819.12
466  -2825.35
467  -2831.26
468  -2837.49
469  -2843.41
470  -2849.64
471  -2855.56
472  -2861.79
473  -2867.7
474  -2873.93
475  -2879.85
476  -2886.08
477  -2892
478  -2898.23
479  -2904.15
480  -2910.38
481  -2916.29
482  -2922.52
483  -2928.44
484  -2934.67
485  -2940.59
486  -2946.82
487  -2952.73
488  -2958.96
489  -2964.88
490  -2971.11
491  -2977.03
492  -2983.26
493  -2989.18
494  -2995.4
495  -3001.32
496  -3007.55
497  -3013.47
498  -3019.7
499  -3025.62
500  -3031.85
501  -3037.76
502  -3043.99
503  -3049.91
504  -3056.14
505  -3062.06
506  -3068.29
507  -3074.2
508  -3080.43
509  -3086.35
510  -3092.58
511  -3098.5
512  -3104.73
513  -3110.65
514  -3116.88
515  -3122.79
516  -3129.02
517  -3134.94
518  -3141.17
519  -3147.09
520  -3153.32
521  -3159.23
522  -3165.46
523  -3171.38
524  -3177.61
525  -3183.53
526  -3189.76
527  -3195.67
528  -3201.9
529  -3207.82
530  -3214.05
531  -3219.97
532  -3226.2
533  -3232.12
534  -3238.35
535  -3244.26
536  -3250.49
537  -3256.41
538  -3262.64
539  -3268.56
540  -3274.79
541  -3280.7
542  -3286.93
543  -3292.85
544  -3299.08
545  -3305
546  -3311.23
547  -3317.14
548  -3323.37
549  -3329.29
550  -3335.52
551  -3341.44
552  -3347.67
553  -3353.59
554  -3359.82
555  -3365.73
556  -3371.96
557  -3377.88
558  -3384.11
559  -3390.03
560  -3396.26
561  -3402.17
562  -3408.4
563  -3414.32
564  -3420.55
565  -3426.47
566  -3432.7
567  -3438.61
568  -3444.84
569  -3450.76
570  -3456.99
571  -3462.91
572  -3469.14
573  -3475.06
574  -3481.29
575  -3487.2
576  -3493.43
577  -3499.35
578  -3505.58
579  -3511.5
580  -3517.73
581  -3523.64
582  -3529.87
583  -3535.79
584  -3542.02
585  -3547.94
586  -3554.17
587  -3560.09
588  -3566.31
589  -3572.23
590  -3578.46
591  -3584.38
592  -3590.61
593  -3596.53
594  -3602.76
595  -3608.67
596  -3614.9
597  -3620.82
598  -3627.05
599  -3632.97
600  -3639.2
601  -3645.11
602  -3651.34
603  -3657.26
604  -3663.49
605  -3669.41
606  -3675.64
607  -3681.56
608  -3687.78
609  -3693.7
610  -3699.93
611  -3705.85
612  -3712.08
613  -3718
614  -3724.23
615  -3730.14
616  -3736.37
617  -3742.29
618  -3748.52
619  -3754.44
620  -3760.67
621  -3766.58
622  -3772.81
623  -3778.73
624  -3784.96
625  -3790.88
626  -3797.11
627  -3803.03
628  -3809.26
629  -3815.17
630  -3821.4
631  -3827.32
632  -3833.55
633  -3839.47
634  -3845.7
635  -3851.61
636  -3857.84
637  -3863.76
638  -3869.99
639  -3875.91
640  -3882.14
641  -3888.05
642  -3894.28
643  -3900.2
644  -3906.43
645  -3912.35
646  -3918.58
647  -3924.5
648  -3930.73
649  -3936.64
650  -3942.87
651  -3948.79
652  -3955.02
653  -3960.94
654  -3967.17
655  -3973.08
656  -3979.31
657  -3985.23
658  -3991.46
659  -3997.38
660  -4003.61
661  -4009.52
662  -4015.75
663  -4021.67
664  -4027.9
665  -4033.82
666  -4040.05
667  -4045.97
668  -4052.2
669  -4058.11
670  -4064.34
671  -4070.26
672  -4076.49
673  -4082.41
674  -4088.64
675  -4094.55
676  -4100.78
677  -4106.7
678  -4112.93
679  -4118.85
680  -4125.08
681  -4130.99
682  -4137.22
683  -4143.14
684  -4149.37
685  -4155.29
686  -4161.52
687  -4167.44
688  -4173.67
689  -4179.58
690  -4185.81
691  -4191.73
692  -4197.96
693  -4203.88
694  -4210.11
695  -4216.02
696  -4222.25
697  -4228.17
698  -4234.4
699  -4240.32
700  -4246.55
701  -4252.47
702  -4258.69
703  -4264.61
704  -4270.84
705  -4276.76
706  -4282.99
707  -4288.91
708  -4295.14
709  -4301.05
710  -4307.28
711  -4313.2
712  -4319.43
713  -4325.35
714  -4331.58
715  -4337.49
716  -4343.72
717  -4349.64
718  -4355.87
719  -4361.79
720  -4368.02
721  -4373.94
722  -4380.16
723  -4386.08
724  -4392.31
725  -4398.23
726  -4404.46
727  -4410.38
728  -4416.61
729  -4422.52
730  -4428.75
731  -4434.67
732  -4440.9
733  -4446.82
734  -4453.05
735  -4458.96
736  -4465.19
737  -4471.11
738  -4477.34
739  -4483.26
740  -4489.49
741  -4495.41
742  -4501.64
743  -4507.55
744  -4513.78
745  -4519.7
746  -4525.93
747  -4531.85
748  -4538.08
749  -4543.99
750  -4550.22
751  -4556.14
752  -4562.37
753  -4568.29
754  -4574.52
755  -4580.43
756  -4586.66
757  -4592.58
758  -4598.81
759  -4604.73
760  -4610.96
761  -4616.88
762  -4623.11
763  -4629.02
764  -4635.25
765  -4641.17
766  -4647.4
767  -4653.32
768  -4659.55
769  -4665.46
770  -4671.69
771  -4677.61
772  -4683.84
773  -4689.76
774  -4695.99
775  -4701.9
776  -4708.13
777  -4714.05
778  -4720.28
779  -4726.2
780  -4732.43
781  -4738.35
782  -4744.58
783  -4750.49
784  -4756.72
785  -4762.64
786  -4768.87
787  -4774.79
788  -4781.02
789  -4786.93
790  -4793.16
791  -4799.08
792  -4805.31
793  -4811.23
794  -4817.46
795  -4823.38
796  -4829.6
797  -4835.52
798  -4841.75
799  -4847.67
800  -4853.9
801  -4859.82
802  -4866.05
803  -4871.96
804  -4878.19
805  -4884.11
806  -4890.34
807  -4896.26
808  -4902.49
809  -4908.4
810  -4914.63
811  -4920.55
812  -4926.78
813  -4932.7
814  -4938.93
815  -4944.85
816  -4951.07
817  -4956.99
818  -4963.22
819  -4969.14
820  -4975.37
821  -4981.29
822  -4987.52
823  -4993.43
824  -4999.66
825  -5005.58
826  -5011.81
827  -5017.73
828  -5023.96
829  -5029.87
830  -5036.1
831  -5042.02
832  -5048.25
833  -5054.17
834  -5060.4
835  -5066.32
836  -5072.55
837  -5078.46
838  -5084.69
839  -5090.61
840  -5096.84
841  -5102.76
842  -5108.99
843  -5114.9
844  -5121.13
845  -5127.05
846  -5133.28
847  -5139.2
848  -5145.43
849  -5151.34
850  -5157.57
851  -5163.49
852  -5169.72
853  -5175.64
854  -5181.87
855  -5187.79
856  -5194.02
857  -5199.93
858  -5206.16
859  -5212.08
860  -5218.31
861  -5224.23
862  -5230.46
863  -5236.37
864  -5242.6
865  -5248.52
866  -5254.75
867  -5260.67
868  -5266.9
869  -5272.81
870  -5279.04
871  -5284.96
872  -5291.19
873  -5297.11
874  -5303.34
875  -5309.26
876  -5315.49
877  -5321.4
878  -5327.63
879  -5333.55
880  -5339.78
881  -5345.7
882  -5351.93
883  -5357.84
884  -5364.07
885  -5369.99
886  -5376.22
887  -5382.14
888  -5388.37
889  -5394.28
890  -5400.51
891  -5406.43
892  -5412.66
893  -5418.58
894  -5424.81
895  -5430.73
896  -5436.96
897  -5442.87
898  -5449.1
899  -5455.02
900  -5461.25
901  -5467.17
902  -5473.4
903  -5479.31
904  -5485.54
905  -5491.46
906  -5497.69
907  -5503.61
908  -5509.84
909  -5515.76
910  -5521.98
911  -5527.9
912  -5534.13
913  -5540.05
914  -5546.28
915  -5552.2
916  -5558.43
917  -5564.34
918  -5570.57
919  -5576.49
920  -5582.72
921  -5588.64
922  -5594.87
923  -5600.78
924  -5607.01
925  -5612.93
926  -5619.16
927  -5625.08
928  -5631.31
929  -5637.23
930  -5643.45
931  -5649.37
932  -5655.6
933  -5661.52
934  -5667.75
935  -5673.67
936  -5679.9
937  -5685.81
938  -5692.04
939  -5697.96
940  -5704.19
941  -5710.11
942  -5716.34
943  -5722.25
944  -5728.48
945  -5734.4
946  -5740.63
947  -5746.55
948  -5752.78
949  -5758.7
950  -5764.93
951  -5770.84
952  -5777.07
953  -5782.99
954  -5789.22
955  -5795.14
956  -5801.37
957  -5807.28
958  -5813.51
959  -5819.43
960  -5825.66
961  -5831.58
962  -5837.81
963  -5843.72
964  -5849.95
965  -5855.87
966  -5862.1
967  -5868.02
968  -5874.25
969  -5880.17
970  -5886.4
971  -5892.31
972  -5898.54
973  -5904.46
974  -5910.69
975  -5916.61
976  -5922.84
977  -5928.75
978  -5934.98
979  -5940.9
980  -5947.13
981  -5953.05
982  -5959.28
983  -5965.19
984  -5971.42
985  -5977.34
986  -5983.57
987  -5989.49
988  -5995.72
989  -6001.64
990  -6007.87
991  -6013.78
992  -6020.01
993  -6025.93
994  -6032.16
995  -6038.08
996  -6044.31
997  -6050.22
998  -6056.45
999  -6062.37
1000  -6068.6
1001  -6074.52
1002  -6080.75
1003  -6086.67
1004  -6092.89
1005  -6098.81
1006  -6105.04
1007  -6110.96
1008  -6117.19
1009  -6123.11
1010  -6129.34
1011  -6135.25
1012  -6141.48
1013  -6147.4
1014  -6153.63
1015  -6159.55
1016  -6165.78
1017  -6171.69
1018  -6177.92
1019  -6183.84
1020  -6190.07
1021  -6195.99
1022  -6202.22
1023  -6208.14
1024  -6214.36
1025  -6220.28
1026  -6226.51
1027  -6232.43
1028  -6238.66
1029  -6244.58
1030  -6250.81
1031  -6256.72
1032  -6262.95
1033  -6268.87
1034  -6275.1
1035  -6281.02
1036  -6287.25
1037  -6293.16
1038  -6299.39
1039  -6305.31
1040  -6311.54
1041  -6317.46
1042  -6323.69
1043  -6329.61
1044  -6335.84
1045  -6341.75
1046  -6347.98
1047  -6353.9
1048  -6360.13
1049  -6366.05
1050  -6372.28
1051  -6378.19
1052  -6384.42
1053  -6390.34
1054  -6396.57
1055  -6402.49
1056  -6408.72
1057  -6414.63
1058  -6420.86
1059  -6426.78
1060  -6433.01
1061  -6438.93
1062  -6445.16
1063  -6451.08
1064  -6457.31
1065  -6463.22
1066  -6469.45
1067  -6475.37
1068  -6481.6
1069  -6487.52
1070  -6493.75
1071  -6499.66
1072  -6505.89
1073  -6511.81
1074  -6518.04
1075  -6523.96
1076  -6530.19
1077  -6536.1
1078  -6542.33
1079  -6548.25
1080  -6554.48
1081  -6560.4
1082  -6566.63
1083  -6572.55
1084  -6578.78
1085  -6584.69
1086  -6590.92
1087  -6596.84
1088  -6603.07
1089  -6608.99
1090  -6615.22
1091  -6621.13
1092  -6627.36
1093  -6633.28
1094  -6639.51
1095  -6645.43
1096  -6651.66
1097  -6657.57
1098  -6663.8
1099  -6669.72
1100  -6675.95
1101  -6681.87
1102  -6688.1
1103  -6694.02
1104  -6700.25
1105  -6706.16
1106  -6712.39
1107  -6718.31
1108  -6724.54
1109  -6730.46
1110  -6736.69
1111  -6742.6
1112  -6748.83
1113  -6754.75
1114  -6760.98
1115  -6766.9
1116  -6773.13
1117  -6779.05
1118  -6785.27
1119  -6791.19
1120  -6797.42
1121  -6803.34
1122  -6809.57
1123  -6815.49
1124  -6821.72
1125  -6827.63
1126  -6833.86
1127  -6839.78
1128  -6846.01
1129  -6851.93
1130  -6858.16
1131  -6864.07
1132  -6870.3
1133  -6876.22
1134  -6882.45
1135  -6888.37
1136  -6894.6
1137  -6900.52
1138  -6906.74
1139  -6912.66
1140  -6918.89
1141  -6924.81
1142  -6931.04
1143  -6936.96
1144  -6943.19
1145  -6949.1
1146  -6955.33
1147  -6961.25
1148  -6967.48
1149  -6973.4
1150  -6979.63
1151  -6985.54
1152  -6991.77
1153  -6997.69
1154  -7003.92
1155  -7009.84
1156  -7016.07
1157  -7021.99
1158  -7028.22
1159  -7034.13
1160  -7040.36
1161  -7046.28
1162  -7052.51
1163  -7058.43
1164  -7064.66
1165  -7070.57
1166  -7076.8
1167  -7082.72
1168  -7088.95
1169  -7094.87
1170  -7101.1
1171  -7107.01
1172  -7113.24
1173  -7119.16
1174  -7125.39
1175  -7131.31
1176  -7137.54
1177  -7143.46
1178  -7149.69
1179  -7155.6
1180  -7161.83
1181  -7167.75
1182  -7173.98
1183  -7179.9
1184  -7186.13
1185  -7192.04
1186  -7198.27
1187  -7204.19
1188  -7210.42
1189  -7216.34
1190  -7222.57
1191  -7228.48
1192  -7234.71
1193  -7240.63
1194  -7246.86
1195  -7252.78
1196  -7259.01
1197  -7264.93
1198  -7271.16
1199  -7277.07
1200  -7283.3
1201  -7289.22
1202  -7295.45
1203  -7301.37
1204  -7307.6
1205  -7313.51
1206  -7319.74
1207  -7325.66
1208  -7331.89
1209  -7337.81
1210  -7344.04
1211  -7349.96
1212  -7356.18
1213  -7362.1
1214  -7368.33
1215  -7374.25
1216  -7380.48
1217  -7386.4
1218  -7392.63
1219  -7398.54
1220  -7404.77
1221  -7410.69
1222  -7416.92
1223  -7422.84
1224  -7429.07
1225  -7434.98
1226  -7441.21
1227  -7447.13
1228  -7453.36
1229  -7459.28
1230  -7465.51
1231  -7471.43
1232  -7477.65
1233  -7483.57
1234  -7489.8
1235  -7495.72
1236  -7501.95
1237  -7507.87
1238  -7514.1
1239  -7520.01
1240  -7526.24
1241  -7532.16
1242  -7538.39
1243  -7544.31
1244  -7550.54
1245  -7556.45
1246  -7562.68
1247  -7568.6
1248  -7574.83
1249  -7580.75
1250  -7586.98
1251  -7592.9
1252  -7599.13
1253  -7605.04
1254  -7611.27
1255  -7617.19
1256  -7623.42
1257  -7629.34
1258  -7635.57
1259  -7641.48
1260  -7647.71
1261  -7653.63
1262  -7659.86
1263  -7665.78
1264  -7672.01
1265  -7677.92
1266  -7684.15
1267  -7690.07
1268  -7696.3
1269  -7702.22
1270  -7708.45
1271  -7714.37
1272  -7720.6
1273  -7726.51
1274  -7732.74
1275  -7738.66
1276  -7744.89
1277  -7750.81
1278  -7757.04
1279  -7762.95
1280  -7769.18
1281  -7775.1
1282  -7781.33
1283  -7787.25
1284  -7793.48
1285  -7799.39
1286  -7805.62
1287  -7811.54
1288  -7817.77
1289  -7823.69
1290  -7829.92
1291  -7835.84
1292  -7842.07
1293  -7847.98
1294  -7854.21
1295  -7860.13
1296  -7866.36
1297  -7872.28
1298  -7878.51
1299  -7884.42
1300  -7890.65
1301  -7896.57
1302  -7902.8
1303  -7908.72
1304  -7914.95
1305  -7920.86
1306  -7927.09
1307  -7933.01
1308  -7939.24
1309  -7945.16
1310  -7951.39
1311  -7957.31
1312  -7963.54
1313  -7969.45
1314  -7975.68
1315  -7981.6
1316  -7987.83
1317  -7993.75
1318  -7999.98
1319  -8005.89
1320  -8012.12
1321  -8018.04
1322  -8024.27
1323  -8030.19
1324  -8036.42
1325  -8042.34
1326  -8048.56
1327  -8054.48
1328  -8060.71
1329  -8066.63
1330  -8072.86
1331  -8078.78
1332  -8085.01
1333  -8090.92
1334  -8097.15
1335  -8103.07
1336  -8109.3
1337  -8115.22
1338  -8121.45
1339  -8127.36
1340  -8133.59
1341  -8139.51
1342  -8145.74
1343  -8151.66
1344  -8157.89
1345  -8163.81
1346  -8170.03
1347  -8175.95
1348  -8182.18
1349  -8188.1
1350  -8194.33
1351  -8200.25
1352  -8206.48
1353  -8212.39
1354  -8218.62
1355  -8224.54
1356  -8230.77
1357  -8236.69
1358  -8242.92
1359  -8248.83
1360  -8255.06
1361  -8260.98
1362  -8267.21
1363  -8273.13
1364  -8279.36
1365  -8285.28
1366  -8291.51
1367  -8297.42
1368  -8303.65
1369  -8309.57
1370  -8315.8
1371  -8321.72
1372  -8327.95
1373  -8333.86
1374  -8340.09
1375  -8346.01
1376  -8352.24
1377  -8358.16
1378  -8364.39
1379  -8370.3
1380  -8376.53
1381  -8382.45
1382  -8388.68
1383  -8394.6
1384  -8400.83
1385  -8406.75
1386  -8412.98
1387  -8418.89
1388  -8425.12
1389  -8431.04
1390  -8437.27
1391  -8443.19
1392  -8449.42
1393  -8455.33
1394  -8461.56
1395  -8467.48
1396  -8473.71
1397  -8479.63
1398  -8485.86
1399  -8491.77
1400  -8498
1401  -8503.92
1402  -8510.15
1403  -8516.07
1404  -8522.3
1405  -8528.22
1406  -8534.45
1407  -8540.36
1408  -8546.59
1409  -8552.51
1410  -8558.74
1411  -8564.66
1412  -8570.89
1413  -8576.8
1414  -8583.03
1415  -8588.95
1416  -8595.18
1417  -8601.1
1418  -8607.33
1419  -8613.25
1420  -8619.47
1421  -8625.39
1422  -8631.62
1423  -8637.54
1424  -8643.77
1425  -8649.69
1426  -8655.92
1427  -8661.83
1428  -8668.06
1429  -8673.98
1430  -8680.21
1431  -8686.13
1432  -8692.36
1433  -8698.27
1434  -8704.5
1435  -8710.42
1436  -8716.65
1437  -8722.57
1438  -8728.8
1439  -8734.72
1440  -8740.94
1441  -8746.86
1442  -8753.09
1443  -8759.01
1444  -8765.24
1445  -8771.16
1446  -8777.39
1447  -8783.3
1448  -8789.53
1449  -8795.45
1450  -8801.68
1451  -8807.6
1452  -8813.83
1453  -8819.74
1454  -8825.97
1455  -8831.89
1456  -8838.12
1457  -8844.04
1458  -8850.27
1459  -8856.19
1460  -8862.42
1461  -8868.33
1462  -8874.56
1463  -8880.48
1464  -8886.71
1465  -8892.63
1466  -8898.86
1467  -8904.77
1468  -8911
1469  -8916.92
1470  -8923.15
1471  -8929.07
1472  -8935.3
1473  -8941.21
1474  -8947.44
1475  -8953.36
1476  -8959.59
1477  -8965.51
1478  -8971.74
1479  -8977.66
1480  -8983.89
1481  -8989.8
1482  -8996.03
1483  -9001.95
1484  -9008.18
1485  -9014.1
1486  -9020.33
1487  -9026.24
1488  -9032.47
1489  -9038.39
1490  -9044.62
1491  -9050.54
1492  -9056.77
1493  -9062.68
1494  -9068.91
1495  -9074.83
1496  -9081.06
1497  -9086.98
1498  -9093.21
1499  -9099.13
1500  -9105.36
1501  -9111.27
1502  -9117.5
1503  -9123.42
1504  -9129.65
1505  -9135.57
1506  -9141.8
1507  -9147.71
1508  -9153.94
1509  -9159.86
1510  -9166.09
1511  -9172.01
1512  -9178.24
1513  -9184.15
1514  -9190.38
1515  -9196.3
1516  -9202.53
1517  -9208.45
1518  -9214.68
1519  -9220.6
1520  -9226.83
1521  -9232.74
1522  -9238.97
1523  -9244.89
1524  -9251.12
1525  -9257.04
1526  -9263.27
1527  -9269.18
1528  -9275.41
1529  -9281.33
1530  -9287.56
1531  -9293.48
1532  -9299.71
1533  -9305.63
1534  -9311.85
1535  -9317.77
1536  -9324
1537  -9329.92
1538  -9336.15
1539  -9342.07
1540  -9348.3
1541  -9354.21
1542  -9360.44
1543  -9366.36
1544  -9372.59
1545  -9378.51
1546  -9384.74
1547  -9390.65
1548  -9396.88
1549  -9402.8
1550  -9409.03
1551  -9414.95
1552  -9421.18
1553  -9427.1
1554  -9433.32
1555  -9439.24
1556  -9445.47
1557  -9451.39
1558  -9457.62
1559  -9463.54
1560  -9469.77
1561  -9475.68
1562  -9481.91
1563  -9487.83
1564  -9494.06
1565  -9499.98
1566  -9506.21
1567  -9512.12
1568  -9518.35
1569  -9524.27
1570  -9530.5
1571  -9536.42
1572  -9542.65
1573  -9548.57
1574  -9554.8
1575  -9560.71
1576  -9566.94
1577  -9572.86
1578  -9579.09
1579  -9585.01
1580  -9591.24
1581  -9597.15
1582  -9603.38
1583  -9609.3
1584  -9615.53
1585  -9621.45
1586  -9627.68
1587  -9633.59
1588  -9639.82
1589  -9645.74
1590  -9651.97
1591  -9657.89
1592  -9664.12
1593  -9670.04
1594  -9676.27
1595  -9682.18
1596  -9688.41
1597  -9694.33
1598  -9700.56
1599  -9706.48
1600  -9712.71
1601  -9718.62
1602  -9724.85
1603  -9730.77
1604  -9737
1605  -9742.92
1606  -9749.15
1607  -9755.06
1608  -9761.29
1609  -9767.21
1610  -9773.44
1611  -9779.36
1612  -9785.59
1613  -9791.51
1614  -9797.74
1615  -9803.65
1616  -9809.88
1617  -9815.8
1618  -9822.03
1619  -9827.95
1620  -9834.18
1621  -9840.09
1622  -9846.32
1623  -9852.24
1624  -9858.47
1625  -9864.39
1626  -9870.62
1627  -9876.53
1628  -9882.76
1629  -9888.68
1630  -9894.91
1631  -9900.83
1632  -9907.06
1633  -9912.98
1634  -9919.21
1635  -9925.12
1636  -9931.35
1637  -9937.27
1638  -9943.5
1639  -9949.42
1640  -9955.65
1641  -9961.56
1642  -9967.79
1643  -9973.71
1644  -9979.94
1645  -9985.86
1646  -9992.09
1647  -9998.01
1648  -10004.2
1649  -10010.2
1650  -10016.4
1651  -10022.3
1652  -10028.5
1653  -10034.4
1654  -10040.7
1655  -10046.6
1656  -10052.8
1657  -10058.7
1658  -10065
1659  -10070.9
1660  -10077.1
1661  -10083
1662  -10089.3
1663  -10095.2
1664  -10101.4
1665  -10107.3
1666  -10113.6
1667  -10119.5
1668  -10125.7
1669  -10131.6
1670  -10137.9
1671  -10143.8
1672  -10150
1673  -10155.9
1674  -10162.1
1675  -10168.1
1676  -10174.3
1677  -10180.2
1678  -10186.4
1679  -10192.4
1680  -10198.6
1681  -10204.5
1682  -10210.7
1683  -10216.7
1684  -10222.9
1685  -10228.8
1686  -10235
1687  -10240.9
1688  -10247.2
1689  -10253.1
1690  -10259.3
1691  -10265.2
1692  -10271.5
1693  -10277.4
1694  -10283.6
1695  -10289.5
1696  -10295.8
1697  -10301.7
1698  -10307.9
1699  -10313.8
1700  -10320.1
1701  -10326
1702  -10332.2
1703  -10338.1
1704  -10344.4
1705  -10350.3
1706  -10356.5
1707  -10362.4
1708  -10368.6
1709  -10374.6
1710  -10380.8
1711  -10386.7
1712  -10392.9
1713  -10398.9
1714  -10405.1
1715  -10411
1716  -10417.2
1717  -10423.2
1718  -10429.4
1719  -10435.3
1720  -10441.5
1721  -10447.4
1722  -10453.7
1723  -10459.6
1724  -10465.8
1725  -10471.7
1726  -10478
1727  -10483.9
1728  -10490.1
1729  -10496
1730  -10502.3
1731  -10508.2
1732  -10514.4
1733  -10520.3
1734  -10526.6
1735  -10532.5
1736  -10538.7
1737  -10544.6
1738  -10550.9
1739  -10556.8
1740  -10563
1741  -10568.9
1742  -10575.1
1743  -10581.1
1744  -10587.3
1745  -10593.2
1746  -10599.4
1747  -10605.4
1748  -10611.6
1749  -10617.5
1750  -10623.7
1751  -10629.7
1752  -10635.9
1753  -10641.8
1754  -10648
1755  -10653.9
1756  -10660.2
1757  -10666.1
1758  -10672.3
1759  -10678.2
1760  -10684.5
1761  -10690.4
1762  -10696.6
1763  -10702.5
1764  -10708.8
1765  -10714.7
1766  -10720.9
1767  -10726.8
1768  -10733.1
1769  -10739
1770  -10745.2
1771  -10751.1
1772  -10757.4
1773  -10763.3
1774  -10769.5
1775  -10775.4
1776  -10781.6
1777  -10787.6
1778  -10793.8
1779  -10799.7
1780  -10805.9
1781  -10811.9
1782  -10818.1
1783  -10824
1784  -10830.2
1785  -10836.1
1786  -10842.4
1787  -10848.3
1788  -10854.5
1789  -10860.4
1790  -10866.7
1791  -10872.6
1792  -10878.8
1793  -10884.7
1794  -10891
1795  -10896.9
1796  -10903.1
1797  -10909
1798  -10915.3
1799  -10921.2
1800  -10927.4
1801  -10933.3
1802  -10939.6
1803  -10945.5
1804  -10951.7
1805  -10957.6
1806  -10963.8
1807  -10969.8
1808  -10976
1809  -10981.9
1810  -10988.1
1811  -10994.1
1812  -11000.3
1813  -11006.2
1814  -11012.4
1815  -11018.4
1816  -11024.6
1817  -11030.5
1818  -11036.7
1819  -11042.6
1820  -11048.9
1821  -11054.8
1822  -11061
1823  -11066.9
1824  -11073.2
1825  -11079.1
1826  -11085.3
1827  -11091.2
1828  -11097.5
1829  -11103.4
1830  -11109.6
1831  -11115.5
1832  -11121.8
1833  -11127.7
1834  -11133.9
1835  -11139.8
1836  -11146.1
1837  -11152
1838  -11158.2
1839  -11164.1
1840  -11170.3
1841  -11176.3
1842  -11182.5
1843  -11188.4
1844  -11194.6
1845  -11200.6
1846  -11206.8
1847  -11212.7
1848  -11218.9
1849  -11224.9
1850  -11231.1
1851  -11237
1852  -11243.2
1853  -11249.1
1854  -11255.4
1855  -11261.3
1856  -11267.5
1857  -11273.4
1858  -11279.7
1859  -11285.6
1860  -11291.8
1861  -11297.7
1862  -11304
1863  -11309.9
1864  -11316.1
1865  -11322
1866  -11328.3
1867  -11334.2
1868  -11340.4
1869  -11346.3
1870  -11352.6
1871  -11358.5
1872  -11364.7
1873  -11370.6
1874  -11376.8
1875  -11382.8
1876  -11389
1877  -11394.9
1878  -11401.1
1879  -11407.1
1880  -11413.3
1881  -11419.2
1882  -11425.4
1883  -11431.4
1884  -11437.6
1885  -11443.5
1886  -11449.7
1887  -11455.6
1888  -11461.9
1889  -11467.8
1890  -11474
1891  -11479.9
1892  -11486.2
1893  -11492.1
1894  -11498.3
1895  -11504.2
1896  -11510.5
1897  -11516.4
1898  -11522.6
1899  -11528.5
1900  -11534.8
1901  -11540.7
1902  -11546.9
1903  -11552.8
1904  -11559.1
1905  -11565
1906  -11571.2
1907  -11577.1
1908  -11583.3
1909  -11589.3
1910  -11595.5
1911  -11601.4
1912  -11607.6
1913  -11613.6
1914  -11619.8
1915  -11625.7
1916  -11631.9
1917  -11637.9
1918  -11644.1
1919  -11650
1920  -11656.2
1921  -11662.1
1922  -11668.4
1923  -11674.3
1924  -11680.5
1925  -11686.4
1926  -11692.7
1927  -11698.6
1928  -11704.8
1929  -11710.7
1930  -11717
1931  -11722.9
1932  -11729.1
1933  -11735
1934  -11741.3
1935  -11747.2
1936  -11753.4
1937  -11759.3
1938  -11765.6
1939  -11771.5
1940  -11777.7
1941  -11783.6
1942  -11789.8
1943  -11795.8
1944  -11802
1945  -11807.9
1946  -11814.1
1947  -11820.1
1948  -11826.3
1949  -11832.2
1950  -11838.4
1951  -11844.4
1952  -11850.6
1953  -11856.5
1954  -11862.7
1955  -11868.6
1956  -11874.9
1957  -11880.8
1958  -11887
1959  -11892.9
1960  -11899.2
1961  -11905.1
1962  -11911.3
1963  -11917.2
1964  -11923.5
1965  -11929.4
1966  -11935.6
1967  -11941.5
1968  -11947.8
1969  -11953.7
1970  -11959.9
1971  -11965.8
1972  -11972.1
1973  -11978
1974  -11984.2
1975  -11990.1
1976  -11996.3
1977  -12002.3
1978  -12008.5
1979  -12014.4
1980  -12020.6
1981  -12026.6
1982  -12032.8
1983  -12038.7
1984  -12044.9
1985  -12050.9
1986  -12057.1
1987  -12063
1988  -12069.2
1989  -12075.1
1990  -12081.4
1991  -12087.3
1992  -12093.5
1993  -12099.4
1994  -12105.7
1995  -12111.6
1996  -12117.8
1997  -12123.7
1998  -12130
1999  -12135.9
2000  -12142.1
2001  -12148
2002  -12154.3
2003  -12160.2
2004  -12166.4
2005  -12172.3
2006  -12178.6
2007  -12184.5
2008  -12190.7
2009  -12196.6
2010  -12202.8
2011  -12208.8
2012  -12215
2013  -12220.9
2014  -12227.1
2015  -12233.1
2016  -12239.3
2017  -12245.2
2018  -12251.4
2019  -12257.4
2020  -12263.6
2021  -12269.5
2022  -12275.7
2023  -12281.6
2024  -12287.9
2025  -12293.8
2026  -12300
2027  -12305.9
2028  -12312.2
2029  -12318.1
2030  -12324.3
2031  -12330.2
2032  -12336.5
2033  -12342.4
2034  -12348.6
2035  -12354.5
2036  -12360.8
2037  -12366.7
2038  -12372.9
2039  -12378.8
2040  -12385.1
2041  -12391
2042  -12397.2
2043  -12403.1
2044  -12409.3
2045  -12415.3
2046  -12421.5
2047  -12427.4
2048  -12433.6
2049  -12439.6
2050  -12445.8
2051  -12451.7
2052  -12457.9
2053  -12463.9
2054  -12470.1
2055  -12476
2056  -12482.2
2057  -12488.1
2058  -12494.4
2059  -12500.3
2060  -12506.5
2061  -12512.4
2062  -12518.7
2063  -12524.6
2064  -12530.8
2065  -12536.7
2066  -12543
2067  -12548.9
2068  -12555.1
2069  -12561
2070  -12567.3
2071  -12573.2
2072  -12579.4
2073  -12585.3
2074  -12591.5
2075  -12597.5
2076  -12603.7
2077  -12609.6
2078  -12615.8
2079  -12621.8
2080  -12628
2081  -12633.9
2082  -12640.1
2083  -12646.1
2084  -12652.3
2085  -12658.2
2086  -12664.4
2087  -12670.3
2088  -12676.6
2089  -12682.5
2090  -12688.7
2091  -12694.6
2092  -12700.9
2093  -12706.8
2094  -12713
2095  -12718.9
2096  -12725.2
2097  -12731.1
2098  -12737.3
2099  -12743.2
2100  -12749.5
2101  -12755.4
2102  -12761.6
2103  -12767.5
2104  -12773.8
2105  -12779.7
2106  -12785.9
2107  -12791.8
2108  -12798
2109  -12804
2110  -12810.2
2111  -12816.1
2112  -12822.3
2113  -12828.3
2114  -12834.5
2115  -12840.4
2116  -12846.6
2117  -12852.6
2118  -12858.8
2119  -12864.7
2120  -12870.9
2121  -12876.8
2122  -12883.1
2123  -12889
2124  -12895.2
2125  -12901.1
2126  -12907.4
2127  -12913.3
2128  -12919.5
2129  -12925.4
2130  -12931.7
2131  -12937.6
2132  -12943.8
2133  -12949.7
2134  -12956
2135  -12961.9
2136  -12968.1
2137  -12974
2138  -12980.3
2139  -12986.2
2140  -12992.4
2141  -12998.3
2142  -13004.5
2143  -13010.5
2144  -13016.7
2145  -13022.6
2146  -13028.8
2147  -13034.8
2148  -13041
2149  -13046.9
2150  -13053.1
2151  -13059.1
2152  -13065.3
2153  -13071.2
2154  -13077.4
2155  -13083.3
2156  -13089.6
2157  -13095.5
2158  -13101.7
2159  -13107.6
2160  -13113.9
2161  -13119.8
2162  -13126
2163  -13131.9
2164  -13138.2
2165  -13144.1
2166  -13150.3
2167  -13156.2
2168  -13162.5
2169  -13168.4
2170  -13174.6
2171  -13180.5
2172  -13186.8
2173  -13192.7
2174  -13198.9
2175  -13204.8
2176  -13211
2177  -13217
2178  -13223.2
2179  -13229.1
2180  -13235.3
2181  -13241.3
2182  -13247.5
2183  -13253.4
2184  -13259.6
2185  -13265.6
2186  -13271.8
2187  -13277.7
2188  -13283.9
2189  -13289.8
2190  -13296.1
2191  -13302
2192  -13308.2
2193  -13314.1
2194  -13320.4
2195  -13326.3
2196  -13332.5
2197  -13338.4
2198  -13344.7
2199  -13350.6
2200  -13356.8
2201  -13362.7
2202  -13369
2203  -13374.9
2204  -13381.1
2205  -13387
2206  -13393.3
2207  -13399.2
2208  -13405.4
2209  -13411.3
2210  -13417.5
2211  -13423.5
2212  -13429.7
2213  -13435.6
2214  -13441.8
2215  -13447.8
2216  -13454
2217  -13459.9
2218  -13466.1
2219  -13472.1
2220  -13478.3
2221  -13484.2
2222  -13490.4
2223  -13496.3
2224  -13502.6
2225  -13508.5
2226  -13514.7
2227  -13520.6
2228  -13526.9
2229  -13532.8
2230  -13539
2231  -13544.9
2232  -13551.2
2233  -13557.1
2234  -13563.3
2235  -13569.2
2236  -13575.5
2237  -13581.4
2238  -13587.6
2239  -13593.5
2240  -13599.8
2241  -13605.7
2242  -13611.9
2243  -13617.8
2244  -13624
2245  -13630
2246  -13636.2
2247  -13642.1
2248  -13648.3
2249  -13654.3
2250  -13660.5
2251  -13666.4
2252  -13672.6
2253  -13678.6
2254  -13684.8
2255  -13690.7
2256  -13696.9
2257  -13702.8
2258  -13709.1
2259  -13715
2260  -13721.2
2261  -13727.1
2262  -13733.4
2263  -13739.3
2264  -13745.5
2265  -13751.4
2266  -13757.7
2267  -13763.6
2268  -13769.8
2269  -13775.7
2270  -13782
2271  -13787.9
2272  -13794.1
2273  -13800
2274  -13806.3
2275  -13812.2
2276  -13818.4
2277  -13824.3
2278  -13830.5
2279  -13836.5
2280  -13842.7
2281  -13848.6
2282  -13854.8
2283  -13860.8
2284  -13867
2285  -13872.9
2286  -13879.1
2287  -13885.1
2288  -13891.3
2289  -13897.2
2290  -13903.4
2291  -13909.3
2292  -13915.6
2293  -13921.5
2294  -13927.7
2295  -13933.6
2296  -13939.9
2297  -13945.8
2298  -13952
2299  -13957.9
2300  -13964.2
2301  -13970.1
2302  -13976.3
2303  -13982.2
2304  -13988.5
2305  -13994.4
2306  -14000.6
2307  -14006.5
2308  -14012.8
2309  -14018.7
2310  -14024.9
2311  -14030.8
2312  -14037
2313  -14043
2314  -14049.2
2315  -14055.1
2316  -14061.3
2317  -14067.3
2318  -14073.5
2319  -14079.4
2320  -14085.6
2321  -14091.6
2322  -14097.8
2323  -14103.7
2324  -14109.9
2325  -14115.8
2326  -14122.1
2327  -14128
2328  -14134.2
2329  -14140.1
2330  -14146.4
2331  -14152.3
2332  -14158.5
2333  -14164.4
2334  -14170.7
2335  -14176.6
2336  -14182.8
2337  -14188.7
2338  -14195
2339  -14200.9
2340  -14207.1
2341  -14213
2342  -14219.3
2343  -14225.2
2344  -14231.4
2345  -14237.3
2346  -14243.5
2347  -14249.5
2348  -14255.7
2349  -14261.6
2350  -14267.8
2351  -14273.8
2352  -14280
2353  -14285.9
2354  -14292.1
2355  -14298
2356  -14304.3
2357  -14310.2
2358  -14316.4
2359  -14322.3
2360  -14328.6
2361  -14334.5
2362  -14340.7
2363  -14346.6
2364  -14352.9
2365  -14358.8
2366  -14365
2367  -14370.9
2368  -14377.2
2369  -14383.1
2370  -14389.3
2371  -14395.2
2372  -14401.5
2373  -14407.4
2374  -14413.6
2375  -14419.5
2376  -14425.7
2377  -14431.7
2378  -14437.9
2379  -14443.8
2380  -14450
2381  -14456
2382  -14462.2
2383  -14468.1
2384  -14474.3
2385  -14480.3
2386  -14486.5
2387  -14492.4
2388  -14498.6
2389  -14504.5
2390  -14510.8
2391  -14516.7
2392  -14522.9
2393  -14528.8
2394  -14535.1
2395  -14541
2396  -14547.2
2397  -14553.1
2398  -14559.4
2399  -14565.3
2400  -14571.5
2401  -14577.4
2402  -14583.7
2403  -14589.6
2404  -14595.8
2405  -14601.7
2406  -14608
2407  -14613.9
2408  -14620.1
2409  -14626
2410  -14632.2
2411  -14638.2
2412  -14644.4
2413  -14650.3
2414  -14656.5
2415  -14662.5
2416  -14668.7
2417  -14674.6
2418  -14680.8
2419  -14686.8
2420  -14693
2421  -14698.9
2422  -14705.1
2423  -14711
2424  -14717.3
2425  -14723.2
2426  -14729.4
2427  -14735.3
2428  -14741.6
2429  -14747.5
2430  -14753.7
2431  -14759.6
2432  -14765.9
2433  -14771.8
2434  -14778
2435  -14783.9
2436  -14790.2
2437  -14796.1
2438  -14802.3
2439  -14808.2
2440  -14814.5
2441  -14820.4
2442  -14826.6
2443  -14832.5
2444  -14838.7
2445  -14844.7
2446  -14850.9
2447  -14856.8
2448  -14863
2449  -14869
2450  -14875.2
2451  -14881.1
2452  -14887.3
2453  -14893.3
2454  -14899.5
2455  -14905.4
2456  -14911.6
2457  -14917.5
2458  -14923.8
2459  -14929.7
2460  -14935.9
2461  -14941.8
2462  -14948.1
2463  -14954
2464  -14960.2
2465  -14966.1
2466  -14972.4
2467  -14978.3
2468  -14984.5
2469  -14990.4
2470  -14996.7
2471  -15002.6
2472  -15008.8
2473  -15014.7
2474  -15021
2475  -15026.9
2476  -15033.1
2477  -15039
2478  -15045.2
2479  -15051.2
2480  -15057.4
2481  -15063.3
2482  -15069.5
2483  -15075.5
2484  -15081.7
2485  -15087.6
2486  -15093.8
2487  -15099.8
2488  -15106
2489  -15111.9
2490  -15118.1
2491  -15124
2492  -15130.3
2493  -15136.2
2494  -15142.4
2495  -15148.3
2496  -15154.6
2497  -15160.5
2498  -15166.7
2499  -15172.6
2500  -15178.9
2501  -15184.8
2502  -15191
2503  -15196.9
2504  -15203.2
2505  -15209.1
2506  -15215.3
2507  -15221.2
2508  -15227.5
2509  -15233.4
2510  -15239.6
2511  -15245.5
2512  -15251.7
2513  -15257.7
2514  -15263.9
2515  -15269.8
2516  -15276
2517  -15282
2518  -15288.2
2519  -15294.1
2520  -15300.3
2521  -15306.3
2522  -15312.5
2523  -15318.4
2524  -15324.6
2525  -15330.5
2526  -15336.8
2527  -15342.7
2528  -15348.9
2529  -15354.8
2530  -15361.1
2531  -15367
2532  -15373.2
2533  -15379.1
2534  -15385.4
2535  -15391.3
2536  -15397.5
2537  -15403.4
2538  -15409.7
2539  -15415.6
2540  -15421.8
2541  -15427.7
2542  -15434
2543  -15439.9
2544  -15446.1
2545  -15452
2546  -15458.2
2547  -15464.2
2548  -15470.4
2549  -15476.3
2550  -15482.5
2551  -15488.5
2552  -15494.7
2553  -15500.6
2554  -15506.8
2555  -15512.8
2556  -15519
2557  -15524.9
2558  -15531.1
2559  -15537
2560  -15543.3
2561  -15549.2
2562  -15555.4
2563  -15561.3
2564  -15567.6
2565  -15573.5
2566  -15579.7
2567  -15585.6
2568  -15591.9
2569  -15597.8
2570  -15604
2571  -15609.9
2572  -15616.2
2573  -15622.1
2574  -15628.3
2575  -15634.2
2576  -15640.5
2577  -15646.4
2578  -15652.6
2579  -15658.5
2580  -15664.7
2581  -15670.7
2582  -15676.9
2583  -15682.8
2584  -15689
2585  -15695
2586  -15701.2
2587  -15707.1
2588  -15713.3
2589  -15719.3
2590  -15725.5
2591  -15731.4
2592  -15737.6
2593  -15743.5
2594  -15749.8
2595  -15755.7
2596  -15761.9
2597  -15767.8
2598  -15774.1
2599  -15780
2600  -15786.2
2601  -15792.1
2602  -15798.4
2603  -15804.3
2604  -15810.5
2605  -15816.4
2606  -15822.7
2607  -15828.6
2608  -15834.8
2609  -15840.7
2610  -15847
2611  -15852.9
2612  -15859.1
2613  -15865
2614  -15871.2
2615  -15877.2
2616  -15883.4
2617  -15889.3
2618  -15895.5
2619  -15901.5
2620  -15907.7
2621  -15913.6
2622  -15919.8
2623  -15925.8
2624  -15932
2625  -15937.9
2626  -15944.1
2627  -15950
2628  -15956.3
2629  -15962.2
2630  -15968.4
2631  -15974.3
2632  -15980.6
2633  -15986.5
2634  -15992.7
2635  -15998.6
2636  -16004.9
2637  -16010.8
2638  -16017
2639  -16022.9
2640  -16029.2
2641  -16035.1
2642  -16041.3
2643  -16047.2
2644  -16053.5
2645  -16059.4
2646  -16065.6
2647  -16071.5
2648  -16077.7
2649  -16083.7
2650  -16089.9
2651  -16095.8
2652  -16102
2653  -16108
2654  -16114.2
2655  -16120.1
2656  -16126.3
2657  -16132.2
2658  -16138.5
2659  -16144.4
2660  -16150.6
2661  -16156.5
2662  -16162.8
2663  -16168.7
2664  -16174.9
2665  -16180.8
2666  -16187.1
2667  -16193
2668  -16199.2
2669  -16205.1
2670  -16211.4
2671  -16217.3
2672  -16223.5
2673  -16229.4
2674  -16235.7
2675  -16241.6
2676  -16247.8
2677  -16253.7
2678  -16259.9
2679  -16265.9
2680  -16272.1
2681  -16278
2682  -16284.2
2683  -16290.2
2684  -16296.4
2685  -16302.3
2686  -16308.5
2687  -16314.5
2688  -16320.7
2689  -16326.6
2690  -16332.8
2691  -16338.7
2692  -16345
2693  -16350.9
2694  -16357.1
2695  -16363
2696  -16369.3
2697  -16375.2
2698  -16381.4
2699  -16387.3
2700  -16393.6
2701  -16399.5
2702  -16405.7
2703  -16411.6
2704  -16417.9
2705  -16423.8
2706  -16430
2707  -16435.9
2708  -16442.2
2709  -16448.1
2710  -16454.3
2711  -16460.2
2712  -16466.4
2713  -16472.4
2714  -16478.6
2715  -16484.5
2716  -16490.7
2717  -16496.7
2718  -16502.9
2719  -16508.8
2720  -16515
2721  -16521
2722  -16527.2
2723  -16533.1
2724  -16539.3
2725  -16545.2
2726  -16551.5
2727  -16557.4
2728  -16563.6
2729  -16569.5
2730  -16575.8
2731  -16581.7
2732  -16587.9
2733  -16593.8
2734  -16600.1
2735  -16606
2736  -16612.2
2737  -16618.1
2738  -16624.4
2739  -16630.3
2740  -16636.5
2741  -16642.4
2742  -16648.7
2743  -16654.6
2744  -16660.8
2745  -16666.7
2746  -16672.9
2747  -16678.9
2748  -16685.1
2749  -16691
2750  -16697.2
2751  -16703.2
2752  -16709.4
2753  -16715.3
2754  -16721.5
2755  -16727.5
2756  -16733.7
2757  -16739.6
2758  -16745.8
2759  -16751.7
2760  -16758
2761  -16763.9
2762  -16770.1
2763  -16776
2764  -16782.3
2765  -16788.2
2766  -16794.4
2767  -16800.3
2768  -16806.6
2769  -16812.5
2770  -16818.7
2771  -16824.6
2772  -16830.9
2773  -16836.8
2774  -16843
2775  -16848.9
2776  -16855.2
2777  -16861.1
2778  -16867.3
2779  -16873.2
2780  -16879.4
2781  -16885.4
2782  -16891.6
2783  -16897.5
2784  -16903.7
2785  -16909.7
2786  -16915.9
2787  -16921.8
2788  -16928
2789  -16934
2790  -16940.2
2791  -16946.1
2792  -16952.3
2793  -16958.2
2794  -16964.5
2795  -16970.4
2796  -16976.6
2797  -16982.5
2798  -16988.8
2799  -16994.7
2800  -17000.9
2801  -17006.8
2802  -17013.1
2803  -17019
2804  -17025.2
2805  -17031.1
2806  -17037.4
2807  -17043.3
2808  -17049.5
2809  -17055.4
2810  -17061.7
2811  -17067.6
2812  -17073.8
2813  -17079.7
2814  -17085.9
2815  -17091.9
2816  -17098.1
2817  -17104
2818  -17110.2
2819  -17116.2
2820  -17122.4
2821  -17128.3
2822  -17134.5
2823  -17140.5
2824  -17146.7
2825  -17152.6
2826  -17158.8
2827  -17164.7
2828  -17171
2829  -17176.9
2830  -17183.1
2831  -17189
2832  -17195.3
2833  -17201.2
2834  -17207.4
2835  -17213.3
2836  -17219.6
2837  -17225.5
2838  -17231.7
2839  -17237.6
2840  -17243.9
2841  -17249.8
2842  -17256
2843  -17261.9
2844  -17268.2
2845  -17274.1
2846  -17280.3
2847  -17286.2
2848  -17292.4
2849  -17298.4
2850  -17304.6
2851  -17310.5
2852  -17316.7
2853  -17322.7
2854  -17328.9
2855  -17334.8
2856  -17341
2857  -17347
2858  -17353.2
2859  -17359.1
2860  -17365.3
2861  -17371.2
2862  -17377.5
2863  -17383.4
2864  -17389.6
2865  -17395.5
2866  -17401.8
2867  -17407.7
2868  -17413.9
2869  -17419.8
2870  -17426.1
2871  -17432
2872  -17438.2
2873  -17444.1
2874  -17450.4
2875  -17456.3
2876  -17462.5
2877  -17468.4
2878  -17474.7
2879  -17480.6
2880  -17486.8
2881  -17492.7
2882  -17498.9
2883  -17504.9
2884  -17511.1
2885  -17517
2886  -17523.2
2887  -17529.2
2888  -17535.4
2889  -17541.3
2890  -17547.5
2891  -17553.5
2892  -17559.7
2893  -17565.6
2894  -17571.8
2895  -17577.7
2896  -17584
2897  -17589.9
2898  -17596.1
2899  -17602
2900  -17608.3
2901  -17614.2
2902  -17620.4
2903  -17626.3
2904  -17632.6
2905  -17638.5
2906  -17644.7
2907  -17650.6
2908  -17656.9
2909  -17662.8
2910  -17669
2911  -17674.9
2912  -17681.2
2913  -17687.1
2914  -17693.3
2915  -17699.2
2916  -17705.4
2917  -17711.4
2918  -17717.6
2919  -17723.5
2920  -17729.7
2921  -17735.7
2922  -17741.9
2923  -17747.8
2924  -17754
2925  -17760
2926  -17766.2
2927  -17772.1
2928  -17778.3
2929  -17784.2
2930  -17790.5
2931  -17796.4
2932  -17802.6
2933  -17808.5
2934  -17814.8
2935  -17820.7
2936  -17826.9
2937  -17832.8
2938  -17839.1
2939  -17845
2940  -17851.2
2941  -17857.1
2942  -17863.4
2943  -17869.3
2944  -17875.5
2945  -17881.4
2946  -17887.7
2947  -17893.6
2948  -17899.8
2949  -17905.7
2950  -17911.9
2951  -17917.9
2952  -17924.1
2953  -17930
2954  -17936.2
2955  -17942.2
2956  -17948.4
2957  -17954.3
2958  -17960.5
2959  -17966.4
2960  -17972.7
2961  -17978.6
2962  -17984.8
2963  -17990.7
2964  -17997
2965  -18002.9
2966  -18009.1
2967  -18015
2968  -18021.3
2969  -18027.2
2970  -18033.4
2971  -18039.3
2972  -18045.6
2973  -18051.5
2974  -18057.7
2975  -18063.6
2976  -18069.9
2977  -18075.8
2978  -18082
2979  -18087.9
2980  -18094.1
2981  -18100.1
2982  -18106.3
2983  -18112.2
2984  -18118.4
2985  -18124.4
2986  -18130.6
2987  -18136.5
2988  -18142.7
2989  -18148.7
2990  -18154.9
2991  -18160.8
2992  -18167
2993  -18172.9
2994  -18179.2
2995  -18185.1
2996  -18191.3
2997  -18197.2
2998  -18203.5
2999  -18209.4
3000  -18215.6
3001  -18221.5
3002  -18227.8
3003  -18233.7
3004  -18239.9
3005  -18245.8
3006  -18252.1
3007  -18258
3008  -18264.2
3009  -18270.1
3010  -18276.4
3011  -18282.3
3012  -18288.5
3013  -18294.4
3014  -18300.6
3015  -18306.6
3016  -18312.8
3017  -18318.7
3018  -18324.9
3019  -18330.9
3020  -18337.1
3021  -18343
3022  -18349.2
3023  -18355.2
3024  -18361.4
3025  -18367.3
3026  -18373.5
3027  -18379.4
3028  -18385.7
3029  -18391.6
3030  -18397.8
