----------Weights------------
0.9280679 0.8843028 0.1400921 0.1142003 0.0497558 0.9626759 0.2700759 0.1903439 0.8261360 0.7475509 0.6937219 0.9152063 0.6328318 0.4685633 0.9249245 0.5117038 0.4253365 0.9074984 0.2303551 0.7997986 0.9929197 0.7784356 0.2017625 0.1174850 0.5228126 0.0574969 0.1470992 0.1999055 0.4836879 0.6419958 0.4274149 0.3002716 0.5196121 0.9392533 0.4411735 0.5294961 0.4584796 1.0132033 0.8415157 0.2422340 0.2781457 0.2207403 0.5421543 0.9365825 0.6432573 0.4232002 0.1993563 0.2177498 0.4443800 0.9781793 0.1581469 0.0222785 0.5083394 0.1723685 0.9723197 0.9777747 0.6261177 0.5153050 0.6375927 0.4004334 0.7000825 0.4228335 0.1820181 0.2228462 
0.4273812 0.5508475 0.7181299 0.4302499 0.9374358 0.6453444 0.3239135 0.3068941 0.7507249 0.2509232 0.7206495 0.9967125 0.8886685 0.7186334 0.2885525 0.2627338 0.0937529 0.6851711 0.5642617 0.8904080 0.0072024 0.6190985 0.0465726 0.4678327 0.2222053 0.0204169 0.3761711 0.5769990 0.7887509 0.1567888 0.2135147 0.1552171 0.8628333 0.8952376 0.0625951 0.4556413 0.2644124 0.1170713 0.0858779 0.6615194 0.7726981 0.3622244 0.4192032 0.0424512 0.0136113 0.7967772 0.0574232 0.2861362 0.9416486 0.5228736 0.3849910 0.2888272 0.7127162 0.0499283 0.4022034 0.3451644 0.1505173 0.8020569 0.4355907 0.5043489 0.1304779 0.2786957 0.0683149 0.4017762 
0.8871426 0.4982978 0.1849367 0.1095614 0.2964986 0.6554155 0.4750846 0.2854396 0.3982054 0.3999756 0.8178324 0.5506827 0.3624073 0.3051660 0.1908933 0.3886837 0.9913022 0.8012329 0.3598261 0.8737144 0.3955809 0.0543229 0.6980526 0.3742624 0.1357158 0.9944456 0.2785424 0.2064958 0.5043489 0.1536038 0.4010950 0.7325053 0.9307758 0.2719627 0.8896590 0.4644612 0.6261788 0.9297487 0.7847564 0.8796594 0.2225410 0.2162541 0.4567392 0.0597247 0.7977271 0.9049654 0.7017384 0.8683414 0.6716514 0.5154271 0.1033052 0.4494156 0.6883141 0.0774560 0.5880917 0.5251446 0.8707236 0.1089511 0.6909391 0.0964080 0.1992662 0.3592941 0.0865950 0.7271645 
0.9025544 0.7673976 0.4675457 0.1704154 0.8400397 0.0217902 0.2744113 0.9288919 0.2706993 0.9691458 0.6344892 0.3692371 0.7805719 0.4013681 0.4165471 0.3140660 0.4009217 0.6605731 0.3176030 0.3019807 0.2435987 0.8413648 0.2448437 0.1652099 0.8423719 0.7597888 0.6982635 0.5700172 0.2758263 0.2886051 0.7702038 0.3316446 0.2485861 0.2916394 0.3473111 0.8565020 0.2382885 0.4087154 0.1177982 0.3665845 0.7693106 0.0956452 0.0208312 0.0781579 0.0659972 0.0105289 0.4683287 0.6097278 0.2977081 0.1336711 0.6586200 0.2006592 0.9550812 0.8780175 0.2631916 0.7497288 0.4529252 0.6216315 0.2584307 0.2885830 0.9899960 0.0335403 0.4775475 0.4298532 
0.4521622 0.3298359 0.7779683 0.0896634 0.2837424 0.5967284 0.6895688 0.7189245 0.3385418 0.5738090 0.8092423 0.1486730 0.8342845 0.5951778 0.1221046 0.2268746 0.9172948 0.9350871 0.7933230 0.6657002 0.5435041 0.6911832 0.8187634 0.6029066 0.7326273 0.2184515 0.2419202 0.8296449 0.2594684 0.6557757 0.5152143 0.1890011 0.4814541 0.9230371 0.7388400 0.8826563 0.7416608 0.4172431 0.0719931 0.0606923 0.1435896 0.6307871 0.1548639 0.9890133 0.9194509 0.8037355 0.3751915 0.1229972 0.3335368 0.5750603 0.4873806 0.5086520 0.2649235 0.5345927 0.6587115 0.7928030 0.9430830 0.1840876 0.2743614 0.8388318 0.6274152 0.3536789 0.9396729 0.3148900 
0.3396710 0.7486068 0.4022149 0.8972442 0.4684111 0.2947783 0.8942077 0.8718833 0.9591359 0.2840663 0.4732529 0.0213927 0.9067354 0.6091310 0.7335734 0.3691214 0.2925504 0.2123478 0.7291649 0.6405530 0.4036683 0.7711417 0.2043113 0.8496855 0.0122990 0.1292154 0.4564959 0.7339227 0.9257790 0.0419991 0.5438065 0.2711570 0.6570146 0.5285786 0.3725974 0.8985260 0.5637074 0.2640643 0.1533426 0.9131418 0.7649159 0.4524677 0.8170780 0.4667196 0.7555542 0.8689840 0.8696060 0.9486747 0.1691641 0.5905331 0.8621174 0.6964934 0.0380058 0.2945036 0.0609455 0.8001574 0.9147313 0.3738517 0.8913846 0.1078524 0.1252170 0.7217331 0.2099906 0.8694723 
0.4532914 0.7139996 0.7133488 0.1063875 0.9629167 0.1504257 0.7875865 0.1467635 0.9369487 0.6066469 0.3674150 0.1562636 0.8525956 0.3176413 0.6732078 0.2550127 0.3562426 0.5112766 0.6482542 0.0971404 0.3061007 0.8312021 0.8919435 0.5740613 0.8883328 0.5077364 0.5575732 0.9467731 0.4334544 0.7884634 0.4828219 0.8401746 0.5093358 0.2176271 0.4062173 0.9204382 0.0501114 0.3647697 0.8025003 0.4061081 0.9440901 0.8481094 0.1417155 0.6775719 0.5995445 0.5003510 0.1214491 0.1680772 0.1019929 0.5057222 0.3912168 0.7812433 0.0850467 0.1551561 0.1266823 0.8845936 0.7252724 0.8042848 0.1523789 0.8377636 0.0036093 0.0702536 0.8246357 0.0029298 
0.0217902 0.0211722 0.9951706 0.6685690 0.7001627 0.4508804 0.1971955 0.9598987 0.1324199 0.8174383 0.5678011 0.5704021 0.5276040 0.0780232 0.1210364 0.0257881 0.0396435 0.6612140 0.1710611 0.1956847 0.4357128 0.4046449 0.6672730 0.5895287 0.1490524 0.0738548 0.6935026 0.2310157 0.6555681 0.6813213 0.8287504 0.1950743 0.0770015 0.7699434 0.7262120 0.6305124 0.1709647 0.8233583 0.8575985 0.4335351 0.0930815 0.0032962 0.3115260 0.3093661 0.6279095 0.4029664 0.6565866 0.1387915 0.5945921 0.7394940 0.1549425 0.1314737 0.5235617 0.6574908 0.3238929 0.8061205 0.9836421 0.4304331 0.4898526 0.8456374 0.8978215 0.3622553 0.4169483 0.1615345 
0.3953368 0.7646831 0.8297724 0.6248054 0.9182033 0.9499192 0.1316495 0.0068361 0.5241858 0.3834956 0.8764180 0.7275248 0.5991089 0.5528908 0.9515366 0.9438459 0.7915891 0.2952971 0.3478577 0.5478378 0.9520554 0.9910580 0.7970061 0.9581174 0.9741508 0.7335124 0.3371685 0.2862489 0.4392834 0.2307437 0.0668848 0.5804621 0.0275385 0.1329913 0.0675704 0.5669729 0.3050935 0.1674907 0.9552138 0.0397691 0.8667867 0.8185978 0.9892554 0.8055666 0.8818086 0.7061373 0.2174675 0.2743129 0.1085543 0.1304972 0.2730491 0.9215064 0.8559900 0.8946196 0.3139439 0.4823082 0.0657979 0.0791345 0.6881619 0.0432447 0.5068344 0.4972679 0.3252835 0.0692770 
0.9050874 0.0679327 0.7091231 0.2802820 0.1800395 0.1333659 0.5648069 0.1945860 0.2757958 0.2599872 0.2524874 0.8731073 0.1687674 0.2840288 0.4086734 0.6591998 0.8055055 0.2500687 0.9499233 0.5630360 0.2861110 0.2579730 0.5031302 0.5988420 0.5794855 0.5247963 0.1760613 0.2426211 0.1666005 0.1097185 0.4991193 0.7961058 0.8113202 0.2709194 0.0265830 0.7621082 0.4217658 0.8352799 0.9040781 0.9095336 0.1189306 0.6261179 0.7114720 0.6613056 0.8222930 0.1569872 0.6535186 0.3573940 0.5661489 0.3892941 0.3384198 0.3064058 0.4722865 0.8378857 0.0067751 0.3057224 0.8397778 0.0321055 0.8828700 0.7286905 0.2740804 0.6186410 0.7942347 0.1402936 
0.8109073 0.4271757 0.6181805 0.2701193 0.8493208 0.0401929 0.7468785 0.3408612 0.5581528 0.6865139 0.0761980 0.2907650 0.9328593 0.4311583 0.8861965 0.9636219 0.8048647 0.7498398 0.9291980 0.6158940 0.5501877 0.0169682 0.2026312 0.8483189 0.9454024 0.7586901 0.2012696 0.8191397 0.4543901 0.2647861 0.8562280 0.9549852 0.2568952 0.7401671 0.3118026 0.2611164 0.5130772 0.2464036 0.0912507 0.9340321 0.2015748 0.6204715 0.8454807 0.1996521 0.7611609 0.7114170 0.6631873 0.5329150 0.7070528 0.6416517 0.0509354 0.7971129 0.7530974 0.2132939 0.4152959 0.0552091 0.3180334 0.3281350 0.3400678 0.0201727 0.6282031 0.8821976 0.1546783 0.2677694 
0.4860988 0.2700888 0.8449965 0.3700980 0.7997986 0.5327006 0.5496994 0.9525437 0.2930387 0.1146580 0.0431837 0.4757225 0.5625782 0.4404126 0.8082827 0.0602435 0.9655446 0.0538957 0.7161473 0.6669515 0.8518632 0.1282998 0.2665487 0.1430097 0.4024781 0.1013825 0.3992126 0.1133457 0.7846919 0.7712333 0.2153691 0.4500870 0.5807672 0.1247902 0.9933470 0.2168035 0.1104770 0.0287484 0.2529679 0.7131565 0.8245796 0.8798791 0.3445235 0.8614765 0.0775170 0.3421125 0.2196417 0.1995911 0.6380810 0.2758568 0.8910489 0.4734947 0.3274331 0.1976989 0.9647511 0.6896878 0.0472732 0.8199103 0.5693838 0.7831660 0.5965453 0.7315897 0.9633168 0.5106357 
0.2096011 0.6235575 0.5157403 0.9133274 0.4851032 0.5048067 0.7060187 0.8342235 0.3488266 0.1889401 0.8129931 0.0621073 0.6305124 0.7205724 0.3859066 0.6577044 0.7869808 0.7370220 0.3083600 0.1400189 0.5115818 0.5572069 0.8436257 0.7964503 0.7509995 0.9160131 0.5361797 0.1531415 0.0619221 0.8653175 0.8691594 0.0865810 0.8698219 0.9252367 0.9164256 0.2555925 0.8609577 0.4474581 0.6038584 0.9097492 0.9172338 0.6855069 0.9911446 0.4822840 0.5796649 0.1784417 0.3362566 0.6723103 0.3401898 0.1436811 0.8034913 0.2881252 0.7321916 0.8104801 0.8646199 0.3635386 0.8477432 0.4885098 0.3318888 0.5203406 0.5862737 0.2025515 0.1175606 0.7697378 
0.7402570 0.0749883 0.4718724 0.9528794 0.1938190 0.7904294 0.4602465 0.3604846 0.1469162 0.2479019 0.3789919 0.5548471 0.7410199 0.7956096 0.6975921 0.9007233 0.5531480 0.8823206 0.2968715 0.7980895 0.9039277 0.3262429 0.5618325 0.0637713 0.3529771 0.0893277 0.2908414 0.7645168 0.3675344 0.9676316 0.8705037 0.4507889 0.0906491 0.3295803 0.9155233 0.0674764 0.6428419 0.6167143 0.7136488 0.3817154 0.7719047 0.1089817 0.7688213 0.4873806 0.3284369 0.7906735 0.1792543 0.4826490 0.9793085 0.0217597 0.4421522 0.3324992 0.4506773 0.9959410 0.0280160 0.0352490 0.3205969 0.2673421 0.6148869 0.2449416 0.1927444 0.3846252 0.5839643 0.1172216 
0.9916684 0.8022530 0.9706704 0.9126560 0.8138636 0.9765923 0.8365614 0.2785730 0.2479324 0.0053713 0.6173777 0.8393167 0.7593005 0.8753973 0.2919706 0.0850551 0.4793237 0.5100558 0.2504669 0.1546068 0.0449843 0.5399335 0.6078370 0.8926501 0.9382305 0.8009583 0.4608295 0.1915005 0.7900937 0.7616950 0.5313694 0.5079196 0.0855376 0.4892916 0.4052566 0.8120670 0.6317942 0.7641971 0.4992724 0.9645340 0.2261116 0.0130620 0.2226474 0.9596545 0.3836284 0.9551073 0.0497741 0.0570168 0.4385510 0.8876919 0.8084964 0.9730827 0.5525885 0.7026887 0.5976135 0.0099821 0.6503189 0.5373394 0.1738639 0.5317240 0.7449293 0.9252907 0.4781942 0.8873867 
0.5240333 0.3827631 0.6553850 0.4169439 0.1582385 0.6304209 0.6176031 0.4456618 0.9893490 0.2206488 0.4628132 0.3840754 0.9305704 0.5711234 0.3342387 0.4273202 0.9341716 0.0591449 0.1272317 0.1031831 0.0069277 0.8170721 0.7272256 0.0766930 0.1027863 0.2063967 0.0754723 0.5167089 0.8225349 0.7077548 0.6855983 0.2648091 0.0888089 0.1098361 0.8162481 0.7319254 0.8159429 0.0345775 0.0371105 0.8314158 0.9930113 0.5951415 0.2222968 0.6556597 0.1490524 0.9863277 0.2001099 0.1006500 0.2576983 0.5665151 0.3328349 0.6394238 0.9251076 0.4609516 0.3746452 0.8924528 0.5985595 0.4133732 0.3828242 0.4982452 0.3018891 0.9117405 0.2149419 0.3986938 
0.4464482 0.4893285 0.9453396 0.0399463 0.0347450 0.1201134 0.7822622 0.4562044 0.8120907 0.7339701 0.1953636 0.6865988 0.1908693 0.5372332 0.7825497 0.2125964 0.1560725 0.5270414 0.3256828 0.6273243 0.5341211 0.3331546 0.5939189 0.5475236 0.4714255 0.4350653 0.3591186 1.1005644 0.0737135 0.7601121 0.8408083 0.8398377 0.8014846 0.8193947 0.2442272 0.7351807 -0.0003311 0.9736402 0.7389387 0.3482958 0.5927863 0.4490814 0.4561725 0.1822493 0.3744009 0.7414834 0.2968099 1.1728126 0.3725909 0.4574632 0.4152944 0.9596081 0.6788258 0.4812140 0.4220210 0.0418782 0.9074172 0.4262073 0.9705606 0.8166018 0.3438381 1.1124717 0.0988728 0.7098981 
0.8293334 0.7365895 0.5208882 0.6627680 0.5478222 0.9155173 0.1779652 0.9392819 0.1012537 0.9563585 0.6898855 0.4026546 0.8771390 0.9690395 0.8618978 0.9812051 0.2903539 -0.1448236 0.6220481 1.0711550 1.1575809 0.4905080 0.7107133 0.5312266 0.4982512 0.6634353 0.4093521 0.2846521 0.1753707 0.6557693 0.3430819 0.8594611 0.8455533 0.4792659 0.8108339 0.2533240 0.1344386 0.9608530 0.6612080 0.9338544 0.3289843 1.0023820 0.7348065 0.9258633 0.1858270 0.5504986 0.4091895 1.1727298 0.9637955 0.8167271 0.4865551 0.6157255 0.1066953 0.1460292 0.6895462 0.7037026 0.5954570 0.2894538 0.6473085 0.3332497 0.4247122 0.8170981 0.4577705 0.7326649 
0.6627776 0.7537821 0.7673592 0.7435554 0.3429086 0.5420474 0.3504941 -0.0083452 0.1889471 0.8088025 0.3559861 0.5208967 0.7355511 0.6005586 0.0722127 0.1685801 0.8501366 0.1696123 0.1450560 0.1395755 0.0517098 0.3361165 0.5316038 0.5277050 0.6784831 0.3333907 0.8745008 0.5712092 0.6377125 0.6468981 0.9779118 0.7053756 -0.1066389 0.7908534 0.0501251 0.4374016 0.0859089 0.3061230 0.0994048 0.0572658 0.8298951 0.2009630 0.8064284 0.1776281 0.5780818 0.6366715 0.5102601 0.0903114 -0.0806812 0.1032860 0.7843285 0.2721802 0.8367845 0.0303062 0.4302999 0.6055824 0.4404379 0.2988829 0.2988804 0.3577356 0.0943772 0.7959264 0.8102139 0.5392251 
0.3348562 0.8535774 0.6546543 0.2851369 0.3076422 0.1781134 0.9473438 0.9235679 0.7887882 0.0357982 0.6713315 0.5607232 0.9434121 0.5781878 0.6213323 0.7477905 0.6425359 1.0787510 0.1832438 0.0250089 0.2641187 -0.0462806 0.8508578 0.5399730 0.5819819 0.1406053 0.6829664 0.3462265 0.8681487 0.6888457 0.0247271 0.7751102 0.0996965 0.4137972 0.5868528 0.6038494 0.2403287 0.1277117 0.6508437 0.0677630 0.1390781 0.4798104 0.7258704 0.3909493 0.4220407 0.2593711 0.7164736 0.1209214 0.6139504 0.0645254 0.1387692 0.1917027 0.0121438 0.4602515 0.6791784 0.0085994 0.7875198 0.9280821 0.6627595 -0.0104554 0.6716958 -0.1961082 0.0557645 0.2726453 
0.6797440 0.7458885 0.4058254 0.0465474 0.9222459 0.2259284 0.7370854 0.2872164 0.6665047 0.7903725 0.3206137 0.3529971 0.7727376 0.3192503 0.1768048 0.4824950 0.0454622 0.7496191 0.1137776 0.8247069 0.3215024 0.5956428 0.8343008 0.5673319 0.7732814 0.9486831 0.2321458 0.4602303 0.3648514 0.4639680 0.0353517 0.2961986 0.7663509 0.5559868 0.8337627 0.8047969 0.3126700 0.8542567 0.1945140 0.3502937 0.9285659 0.7725108 1.1263541 0.5416208 0.6149725 0.4419630 0.7551740 0.1936790 0.6714422 0.9803297 0.7558321 0.1773882 0.3908656 0.3534821 0.8735480 0.3661686 0.5268797 0.2635004 0.3775889 0.5446463 0.7769515 -0.0977001 0.3785092 0.2580682 
0.7917041 0.6112805 0.5165546 0.5430744 0.1326178 0.4552372 0.8372871 0.4291040 0.3336827 0.7224036 0.8661604 0.4440682 0.1483875 0.0646235 0.4451676 0.4266533 0.4473716 0.7241605 0.7670720 0.3697786 0.5576788 0.8752854 0.5530241 0.9131353 0.3902462 0.3872428 0.7144456 0.1918758 0.9851488 0.7392985 0.6579414 0.5826277 0.5120776 1.0208474 0.4476636 0.3060905 0.7246361 0.3569832 0.7851132 0.9921143 0.2197890 0.9850170 0.6498430 0.7735149 0.7118746 0.9614303 0.8625420 0.8424293 0.5199953 0.6342569 0.9274560 0.0513467 0.2548321 0.3470852 0.7331572 0.2823335 0.9569487 0.7862341 1.0479860 0.9486859 0.8699772 0.5421874 0.7120202 0.9865179 
0.8866402 0.8174664 0.3505190 0.9026044 1.1193704 0.8542130 0.5872420 0.1855138 0.3644681 0.7724545 1.4469487 0.6092770 0.8623023 0.4516212 0.1968943 0.9800404 0.5205579 0.0755662 0.6610110 0.5009519 0.1454396 0.7515297 0.7665854 0.3913503 0.9597004 0.4804745 0.1991502 0.4290426 1.4729891 0.5787182 0.6653939 0.8159933 0.2269853 0.9535039 0.9293768 0.5711097 1.0975118 0.3769671 0.4778407 0.6306851 0.8751078 0.5470505 0.8240631 0.5410249 0.7265836 0.8261504 0.2439728 0.1553671 0.3189847 0.3693709 0.9496544 0.8242659 0.3327927 0.5964065 0.5091569 0.9188432 0.2506166 0.2483492 1.3530202 0.6353244 0.3421127 0.0793922 0.8463195 0.3278944 
-0.0039603 0.3033897 0.5992937 0.7869833 0.2543263 0.8285850 0.5048865 0.3377041 0.7199079 0.6425977 0.3733183 0.8852570 0.7003933 0.0178680 0.4923610 0.4607945 1.1014427 0.8544399 0.5068011 0.6722759 0.7842151 0.3086497 0.1993182 0.3587541 0.0461685 0.3906435 0.7018574 -0.0057434 0.9666014 0.9100439 0.2389060 0.3983287 0.6764047 0.2714589 0.6855802 0.6361990 0.6914227 0.1380880 0.3437970 0.2231328 0.0705335 0.3350001 0.6249762 0.8842200 0.7347638 0.9763730 0.3829063 0.5242846 0.4804625 0.5516313 0.6688757 0.0050820 0.1367814 0.1275082 0.5958018 0.8005242 0.3919389 0.7618478 0.5817024 0.3054112 0.8270045 -0.1344303 0.1605956 -0.0340962 
0.9384612 0.3479629 0.1509660 0.2817091 0.8374733 0.6065174 0.5058561 0.0587670 0.3839701 0.1629847 0.9480721 0.5693741 0.3499602 0.5999454 0.7657826 0.4941421 0.4845737 0.3845505 1.0546362 0.6072302 0.3727378 0.7752830 0.7801121 0.6981471 0.6885952 0.3331091 0.3268968 0.3541397 0.8465337 0.6308357 0.9695008 0.6035523 0.5546504 0.6776668 0.8555128 0.9295836 0.7070560 0.8573331 0.0918469 0.8220087 0.0259879 0.5669583 0.6614663 0.2664061 0.1918471 0.5980950 -0.0076313 -0.0578381 0.1642499 0.2808423 0.7401028 0.1026978 0.4905652 0.1179962 0.1070808 0.8252930 0.2580044 0.4724438 0.9196860 0.0993063 0.8577467 0.0575142 0.2841693 0.5406598 
0.1658547 0.6188757 0.1059512 0.1526769 0.4050565 0.5161216 0.3055936 0.9543021 0.1254478 0.4086892 0.4231232 0.8758105 0.5573030 0.1792478 0.3767327 0.6134084 0.2482689 0.2485905 0.1186946 0.8233317 0.2069612 0.1008545 0.4686097 0.1544598 0.1361491 0.1056852 1.0412130 0.6999144 0.1731733 0.2412059 0.1490106 0.1853572 1.1065471 0.4682793 1.0286748 0.5569221 0.6250833 0.2930153 0.4690556 0.3638038 0.7073136 0.2978461 0.4649271 0.5161085 0.6527071 0.9000452 0.1436795 -0.0848775 0.2575755 0.6378173 0.6255669 0.6329874 0.7930647 0.2108335 0.3568138 0.9790758 0.3543818 0.1619180 0.9856670 0.1921741 0.3509868 0.2910113 0.9163297 0.5831416 
0.7234242 0.7403064 0.4470282 0.6669400 0.8674837 0.8568978 0.7402819 0.3310295 0.6844587 0.7993632 1.0608055 0.6159271 0.2438338 0.4884076 0.6113761 0.9003745 0.0896495 0.1073527 0.5487995 0.8828944 0.5730601 0.2445587 0.0939858 0.7495122 0.5070782 0.8590544 0.4936879 0.3388635 1.3889536 1.0433725 0.9186662 0.7246646 0.7080000 0.1986684 0.5182250 0.6344436 1.0576567 0.7926192 0.9377554 0.3101565 0.4206761 0.5671985 1.1765136 0.7137787 0.3844074 0.5643877 0.0709085 0.4209860 0.2352803 0.4146295 1.2421672 0.2469482 0.7279671 0.4154759 0.2233891 0.4978104 0.7513197 0.9453454 0.5148926 0.1560428 0.8322658 0.1296370 0.8238419 0.7509139 
0.6806336 0.3484088 0.8771705 0.5561874 1.3416784 0.8815024 1.0062194 0.7407136 0.1182763 0.0803162 0.8733086 0.6482953 0.0537227 0.6778920 0.8251031 0.4141615 0.6116166 0.6841511 0.5095516 0.6502646 -0.1717484 0.6628493 0.8834047 0.3666771 1.0228757 0.2081288 0.1791753 0.5455434 0.9049443 0.6104035 0.7257821 0.6299016 0.1714665 0.6043013 0.5995554 0.2905686 0.9225487 0.7355088 0.5137233 0.8129296 0.3273855 0.3590921 0.9062853 0.2572151 0.5846742 0.5090539 0.5538892 0.6297669 0.3575403 0.7625298 0.5559923 0.0921242 0.4798306 0.5789255 0.7854298 0.3680965 0.4998915 0.3325946 1.0907604 0.2697882 0.4446054 0.3001986 0.4071375 0.9128262 
0.8062156 0.2890540 0.5012964 0.0707753 0.9927292 0.5819747 0.5996291 0.9168308 -0.0036099 -0.0427401 0.8077578 0.7119369 0.0186730 0.3391130 0.8587994 0.7429218 0.3733890 0.3587192 0.6340597 0.7637911 0.3345249 0.6580668 0.6970889 0.7235922 0.6546265 0.8648103 0.4635227 0.6966581 0.8451399 0.4500573 0.8433871 0.0731509 0.7225180 0.0308352 0.1540346 0.7549170 0.5000818 0.1885258 0.9315540 0.6327874 0.6997437 0.6586255 0.3228068 0.3362426 0.7086405 0.6096646 0.0706350 -0.0214169 0.6477188 0.9195297 0.7209241 0.4292178 0.7845785 0.0298874 0.4236501 0.2054829 0.0240019 0.8150244 0.2129609 -0.0527757 0.7160410 -0.1280094 0.1815267 0.9081435 
0.4695659 0.6425194 0.6823932 0.6627123 0.2832960 0.6146295 0.6871867 0.6067322 0.9163096 0.4170518 0.9785088 0.2606597 0.5311703 0.9243969 0.9243227 0.6832582 0.2598602 -0.0154682 -0.0545294 0.2420772 0.0473152 0.0887440 0.1085700 0.9857767 0.8844309 0.3542051 0.7420652 0.5160495 0.7634114 0.1801821 0.4196986 0.4730654 0.7135456 0.6354374 0.3421201 0.9852402 1.0411750 0.0851902 0.6080884 0.8371393 0.9467605 0.4969384 0.4110664 0.5909195 0.1984015 0.1881429 0.5560319 0.7497553 0.4992158 0.2890478 0.7772918 0.3985467 0.4766773 0.5862399 0.7390894 -0.0341485 0.6293366 0.4007356 0.7056518 0.4575853 0.0364854 0.4718624 -0.0417162 0.3820349 
0.3258390 0.6203445 0.1574738 0.5735624 0.2228916 0.7087544 0.6615310 0.8239220 0.5069667 0.6331675 0.3486276 0.1568585 1.0290907 0.6391955 0.6314220 0.7372096 0.2385335 -0.1194016 0.2022660 0.8263660 0.4503196 0.5318911 0.4700748 0.0347821 0.6580462 0.8541150 0.5734806 0.2976225 0.3624491 0.5903681 0.7566688 0.8166742 0.1371882 0.4721246 0.0918483 0.9344971 0.2290460 0.0645243 0.1708366 0.1269451 0.0346027 0.4207297 0.3266825 0.9431978 0.6374399 0.6676286 0.6639701 0.9737775 0.5556104 0.2620227 0.2857433 0.7297732 1.0184968 1.0175768 0.4865066 0.1051736 0.5180315 0.4635619 0.5462617 0.8495008 0.7198872 0.8635786 0.5684306 0.3004313 
0.1297881 0.7652159 0.1490812 0.0720517 0.1099426 0.9202477 0.0666337 0.7924574 0.7751939 0.9161351 0.6793566 0.5877799 1.0174326 0.6847291 0.2160346 0.5467741 0.7494133 0.2991292 0.8225852 0.4603270 0.3778687 0.0667280 0.4925670 0.3076481 0.0729453 1.0395455 0.8074660 0.5036834 0.3572610 1.0220219 0.4009755 0.8861038 0.9552063 0.9924957 0.7725331 0.1389711 0.0009202 0.9629588 0.5846066 0.8581075 0.8374837 1.0043962 0.5335675 0.5410554 0.2173221 0.1891594 0.8351179 0.8378481 1.0054837 0.8199621 0.4368404 0.5066524 0.1621474 0.9244037 0.7512547 0.4521080 1.0395318 0.8580442 0.4657234 0.0956326 0.8265494 0.6576702 0.6816848 0.7519221 
1.0779982 0.7609128 0.8445980 0.1582970 0.7586440 0.1491976 0.0175904 0.7222953 0.1051295 0.8749351 0.5075069 0.6476877 0.1583060 0.4482107 0.4348828 0.1637973 0.5840946 0.0550116 0.4321314 0.8049420 0.7805299 0.2294222 0.6463497 0.4882566 0.1520493 0.6479625 0.3253346 0.9925594 0.1692365 0.6074585 0.7613076 1.0069571 0.8911785 0.0850584 0.8971402 0.1403750 0.3429106 0.9523383 0.5378217 0.5848142 0.1542963 0.3411375 0.3312908 0.8016530 0.8211613 0.8562330 1.0202737 0.8177974 0.9244266 0.5177068 0.2582766 0.1824237 0.2882804 0.2029157 0.6881119 0.5039284 0.4276662 1.0166794 0.7675820 0.2717854 0.6171924 1.0656111 1.0070731 0.1564144 
0.5007953 0.7152836 0.3479630 0.4022877 0.9368721 0.8879896 0.8917016 0.2654993 0.6496337 0.6827454 0.2955864 0.1187988 0.1924847 0.4336806 0.8713156 0.0809825 0.3800173 0.0390810 0.3912859 0.1901032 0.6601306 0.2984924 0.6588926 0.2787312 0.0597308 1.0187990 0.3517083 0.7459058 0.4660290 0.9088593 0.2918067 0.8738242 0.5721680 0.2997866 0.9750843 0.5074211 0.1699608 0.9939644 0.0866282 0.9262294 0.2588746 0.8171186 0.9543525 0.7293413 0.8816875 0.3432655 0.2081041 0.8027533 0.9765001 0.1999072 0.1251854 0.5770470 0.1322169 0.8243166 0.2820129 0.2731826 0.4480736 0.3563819 0.1160420 0.5080407 0.8020504 0.5811507 0.4397526 0.2203376 
0.1911263 0.2030250 0.8507209 0.6196637 0.8434037 1.0373983 0.0139373 0.8683269 0.5750926 0.3984148 0.8095452 0.6290132 0.2815223 0.6451635 0.4170020 0.0580674 -0.0178108 -0.1094787 0.1123029 0.1878640 0.4930732 0.3797038 0.5833422 0.9325289 0.2948438 0.5832076 0.4320047 0.8259401 0.4864491 0.8034494 0.3819581 0.4945984 0.3194271 0.8524015 0.8338120 0.8119773 0.7692645 0.4364294 0.0313797 0.5181080 0.7496003 0.9450503 0.4765535 0.3057253 0.9590861 0.0380361 -0.0295229 0.0304253 0.6948907 0.2078970 0.8715891 0.7047342 0.7620879 0.9106692 1.0144366 0.4401622 0.6911943 0.0820323 0.3679473 1.0346032 0.9358755 0.7335929 0.1253450 0.8665647 
0.8403137 0.9980376 0.4682059 0.6957232 0.8446146 0.4093068 0.6878379 0.4708279 0.0809518 0.2465749 0.2483437 0.7327397 0.4434384 0.8279492 0.4617267 0.1650000 0.1471916 0.4613961 0.7730419 0.7798734 0.6798760 0.9579668 0.7382713 0.2811116 0.7059602 0.2076781 0.9366566 0.5111879 0.3909229 0.9709950 0.9850957 0.5869808 0.2567287 0.8101171 0.5411416 0.9033377 0.9057010 0.9802006 0.6735602 0.8527103 0.0943798 0.9229873 0.1606881 0.2109234 0.3180106 0.4083920 -0.0198387 0.0577355 0.2913900 0.2482486 0.2641056 0.2834589 0.4697211 0.2097959 0.4344223 0.1022790 0.6393942 1.0539435 0.7339198 0.1654704 0.3299290 -0.1659119 0.1980155 0.8384594 
0.4968037 0.6181472 0.3994550 0.9739652 0.1875206 0.4968644 0.1673142 0.3538148 0.7686629 0.8874172 0.9330570 0.1936333 0.9603630 1.0233930 0.4752588 0.3531342 0.0073252 0.3954456 0.9688299 1.0638610 0.8752594 0.9904927 0.1839028 0.1490434 0.6664693 0.1531353 0.5041426 0.5963376 0.3760299 0.8509047 0.5886949 0.1491123 0.6894206 0.4507617 0.4461682 0.1504155 0.8401792 0.9606699 0.1738885 0.2061711 0.7666807 0.3251763 0.3870786 0.2918413 0.7242651 0.8797017 0.7048955 0.9516516 0.2746570 0.2437726 1.0600894 0.5072932 1.0476725 0.3405541 1.0033376 0.1991095 0.2893258 0.9414818 0.5187340 0.4523024 0.8803841 0.5647718 0.2422793 0.3251818 
0.8386252 0.8797928 0.4456025 0.8316318 0.7529683 0.5586182 0.9942202 0.8064379 0.3948858 0.2336192 0.6962346 0.5585564 -0.0080634 0.5214234 -0.0198616 0.1903700 1.1854905 0.9627624 0.4826609 -0.1457727 0.4285829 0.3443563 0.0930222 0.1964566 0.0810816 0.2349685 -0.0185626 0.8011049 0.2916541 0.7747858 0.0075757 0.9062178 0.0589237 0.9074951 0.6207284 0.7197892 0.1943067 0.9412742 0.1781731 0.5201999 0.1720991 0.0598757 0.1381144 0.3203905 0.1275370 0.1138589 -0.1439652 0.7561032 0.4318465 0.1260812 0.7397091 0.0923344 0.8208538 0.5013295 0.2073927 0.2985558 0.5170953 -0.0220812 0.3857430 -0.0504041 0.7865064 0.5904758 0.3900032 0.4879839 
0.5215847 0.1200851 0.9004469 0.9445149 -0.0260174 0.6865675 0.6822530 0.3548219 0.8496896 0.4554887 0.6059291 0.1718431 0.9968631 0.4872438 0.9873594 0.7298241 -0.1752975 0.3641336 0.3674322 0.3981303 1.3868056 0.3805803 0.3062820 0.9374586 0.9706167 0.8457529 0.9530088 0.1619372 0.8424137 0.2813988 0.6104546 0.6277646 0.6606722 0.0638480 0.2534743 0.5056815 0.6985733 0.8830918 0.5303141 0.5380294 0.6013009 0.6063433 0.6362928 0.7610939 0.7009795 0.1241855 0.8258283 1.3016716 0.7791890 0.2083101 0.2761910 0.2928092 0.2732958 0.6098800 0.9476413 0.3879581 0.7580596 0.3123427 0.1061543 0.6381601 0.5618318 1.0196800 0.4237423 0.6063793 
0.9727335 0.6182043 0.2674857 0.7234340 0.0301061 0.1361051 0.3410866 0.1641474 0.3779275 0.5553306 0.4613629 0.7226381 0.9233725 0.2531026 0.1411908 0.6116689 0.6725372 -0.0335836 0.1952655 0.6186441 0.3058412 0.6727408 0.6925851 0.7894890 0.1957823 0.5899224 0.5116558 0.5345041 0.7670025 1.0453686 0.8809666 0.9927243 0.6678435 0.9479997 0.4081419 0.7039603 0.0890867 0.9365591 0.7464689 0.2337339 0.6756354 0.1004829 0.2165370 0.6118146 0.6745889 0.9866872 0.1401088 0.4956150 0.3267915 0.3476779 0.2988357 0.4037934 0.6181021 0.1990534 0.4104043 0.9775803 0.5587338 0.8196529 0.2136097 0.4111749 0.6977076 0.4582832 0.9090052 0.1692801 
0.8681224 0.8373921 0.6343560 0.6744871 0.3178652 0.6439331 0.6128539 0.3868359 0.5388280 0.6884365 0.7071285 0.1666245 0.5218120 0.9618982 0.2474992 0.7260093 0.5444205 0.0053580 0.8236228 1.0423760 0.7605098 0.6230499 0.7393091 0.3212593 0.2195257 0.9271458 0.3078475 0.5771720 0.7008384 0.3717335 0.1815475 0.6407960 0.2018875 0.8027316 0.2178897 0.1370790 0.6766305 0.4599832 0.8617757 1.0879424 0.1300951 0.6889874 0.4052066 0.9433504 0.6299629 0.4478343 0.6596975 0.9361787 0.5275334 0.7574297 0.6901746 0.4440894 1.0262790 0.2883980 0.8155572 0.7782593 0.4530881 0.1977762 0.1297146 0.6712727 0.5009169 0.5891561 0.6181452 0.2991190 
0.8210934 0.1985177 0.2768622 0.7999487 0.4913019 0.2739267 0.4396309 0.6611057 0.5095607 0.6852016 0.4413123 0.5848196 0.2053961 0.6062050 0.4976899 0.2360652 -0.2236694 -0.1675293 0.5817026 1.0087141 0.2464560 0.3240601 0.5045302 0.5649496 0.2641437 0.3452799 1.0370263 0.7157871 0.6094354 0.0922450 0.9400545 0.4103202 0.6607943 0.9945099 0.2437694 0.5512151 0.9084796 0.6968373 0.7667410 0.6113348 0.5246995 0.9357296 0.5207192 0.9502476 0.6985990 0.5803762 0.9402237 1.1071129 0.4845328 0.1480055 0.1232628 0.8632306 0.4394386 0.9649323 0.6363525 0.6361041 0.2556944 0.3812535 0.1185448 1.0454296 0.7293479 1.1710220 0.4277097 0.3306141 
-0.0543158 0.4720045 0.3554203 0.0263399 0.1044194 0.5583130 0.3122231 0.8438230 0.2029244 0.3655202 0.9679409 0.7073341 0.2856772 0.7713090 0.9003935 0.3328304 0.9592875 0.8357626 0.4943495 -0.1343893 0.6581737 0.3313860 0.5428345 0.7324837 0.8888761 0.4863495 0.9258632 0.7045444 0.6003793 0.1688713 0.2733614 0.3968944 0.7075946 0.8416667 0.7686211 0.4955392 0.4466643 0.0712830 0.4123111 0.5049712 0.1868091 0.0679937 0.1754386 0.9073225 0.8200631 0.2424028 -0.0294903 0.5364615 0.2687861 0.8834285 0.9111011 0.8040871 0.4820068 0.6030171 0.3121628 0.6992028 0.5423646 0.5784926 0.0396021 0.5900573 0.5624395 0.7398639 0.6546597 0.0194332 
0.6433983 -0.0252945 0.6551731 0.3260622 0.3614638 0.3654978 0.4695773 0.2592411 0.3663512 0.1121564 0.2961088 0.3002479 0.0749474 -0.0201269 0.6107729 0.8193568 0.1799502 0.0046587 -0.0351863 0.5407718 0.1242523 0.8584713 0.6985096 0.3106878 0.9577274 0.8779630 0.2784438 0.7068945 0.1628445 0.5549153 0.1661194 0.6198627 0.5347991 0.8801200 0.2373561 0.2654603 0.7390966 0.8449578 0.6585344 0.0202164 0.2656079 0.2923354 0.3804510 -0.0346586 0.7266764 0.8595787 -0.0351972 0.7420952 0.7371844 0.1959707 0.4901606 0.9538111 0.2664546 0.7585693 0.2663545 0.4009253 0.4928315 0.4893489 -0.0465891 0.1863132 0.9232294 0.0347338 -0.0471731 0.0779684 
0.6303974 0.0268615 0.7687020 0.0331456 0.5769680 0.6987592 0.2256421 0.5698889 0.4905003 0.6927702 0.0965765 0.3833496 0.8722125 0.0897696 0.7591844 0.3370114 0.7659222 0.8264850 0.9108661 0.6771589 0.7821704 0.2188032 0.0488314 0.7710286 0.7594776 0.3174906 0.0852004 0.4265513 0.3766786 0.6864653 0.6766025 0.2130203 0.2519838 0.9314827 0.7252543 0.3429467 0.7906995 0.7174209 0.3257301 0.2336617 0.1562906 0.0510864 0.3035247 0.0677888 -0.0381174 0.3099403 0.2987973 -0.1309478 0.5491596 0.5301463 0.0407437 0.8844729 0.5968784 0.3520024 0.6440516 0.5757249 0.6977649 0.1733289 0.8707737 0.3682488 0.7868726 0.3327470 0.6416893 0.8015616 
1.4059970 0.4290824 1.2239073 0.8282539 0.2116648 0.5315135 1.0569991 1.0848908 1.0196023 1.0917602 0.5746676 0.8567094 1.1140048 0.9300157 0.4869179 0.7451917 0.5043893 -0.0946365 0.8322487 0.7775370 -0.1876985 0.4514855 1.0326092 0.8275854 0.7124524 0.4838959 0.5490650 0.9813168 0.6520469 0.5325395 0.9035724 0.5819153 0.8776850 1.0293079 1.1124008 1.0934781 0.3330032 0.7514704 1.0377371 1.1794450 1.1705186 0.6178171 0.4299362 1.0720854 1.4151373 0.7682780 0.2696849 0.7763393 1.1681397 0.6360574 0.6633593 1.3219779 1.2075790 0.6530137 0.4806088 0.5249610 0.6898091 1.2134328 0.5098945 1.0369886 1.2431709 0.0962645 0.3761972 1.0885904 
0.3678467 0.7653789 0.7211846 0.1578747 0.3789334 0.0531096 0.8215160 0.1732703 0.5055154 0.3455916 0.8865786 0.6769987 0.9276951 0.2707139 0.2313973 0.1246331 1.1471287 1.0131179 0.4433836 0.6660196 0.0203673 0.9210646 0.0018329 0.2466901 0.7904844 0.2494648 0.8601569 0.2673057 0.6330036 0.5046360 0.4285481 0.0632355 0.6704536 0.3233709 0.3143836 0.5031078 0.0912457 -0.0123987 0.5630420 0.6510938 0.8223875 -0.0148946 0.5470319 0.9314932 0.2912688 0.7435778 -0.0082189 -0.1256071 0.4663019 0.3067813 0.1659612 0.2751098 0.5896150 0.7301878 0.6430750 0.2554637 0.7611518 0.7358155 0.2605256 0.4045353 0.5881666 0.5446981 0.3352530 0.6494574 
0.8659251 0.9382863 0.4946423 0.9408527 0.3134705 0.7460786 0.9885063 0.5359493 1.0205627 0.9089022 0.6536601 0.6066403 0.4333999 1.0474721 0.4701012 0.2964613 0.5337390 0.0687144 0.0772927 0.3447229 0.8044564 0.5535592 0.4233510 0.9123113 0.8161931 0.4957361 0.2569732 0.6241400 0.4134151 0.2418468 0.6780836 0.3171167 0.1581239 0.2538562 0.6977933 0.3960590 -0.0343592 0.9991232 0.4992158 0.1686333 0.9260179 0.7815501 0.1918517 0.1756268 0.9578232 0.8484813 0.7321180 0.8883867 0.6205233 0.9879665 0.9744545 0.5038752 1.0485575 0.2419488 0.9173974 0.4713957 0.5629548 0.9042187 0.3813092 0.2397410 0.8954907 1.0027735 0.4759595 0.7336110 
0.3809086 0.3861865 0.0104085 0.7371771 0.6290021 0.5378656 0.0874238 0.6077624 0.3907353 0.4226508 0.2706540 0.2951511 0.8299443 0.6060818 0.6543533 0.3215385 0.4723034 0.3014894 0.0182913 0.4075584 0.3293672 0.1137280 0.5784191 0.9555435 0.7801386 0.4637353 0.4413209 0.6497636 0.7490045 0.8886809 0.1637084 0.4794469 0.6415526 0.6539168 0.0963899 0.3602507 0.7310358 0.6163436 -0.0238595 0.2601212 0.1976737 0.7186483 0.0585221 0.6275288 0.3159888 0.5983402 0.0800406 0.2570340 0.7847931 0.3072086 0.4345851 0.1342974 0.7695827 0.8820173 0.2210040 0.5205474 0.4511143 0.5657664 0.0622163 0.2517901 0.7945023 0.3883517 0.2050915 0.3106103 
0.2630467 0.7976436 0.1489642 0.8115205 0.0961492 0.5526416 0.7715099 0.7397591 0.6157605 0.6271785 0.9774564 0.3999688 0.4213215 0.2588024 0.5042960 0.0235373 0.5106057 0.4439765 0.5142421 0.7817765 0.0885152 0.3697414 0.4700028 0.3921303 0.1287021 0.3991588 0.2071926 0.6282174 0.0770567 0.4523001 0.5913042 0.2951405 0.4488584 0.5767839 -0.0313059 0.5096703 1.0398635 0.9402743 0.5111001 0.5505077 0.7961815 0.6444332 0.6154448 0.7744904 0.4452657 0.6264184 0.8134649 -0.0472356 0.2236630 0.4058721 0.0926264 0.5502621 -0.0694246 -0.0209207 0.8773063 0.5834154 -0.1636042 0.5313217 0.5675810 0.7445317 0.6118498 0.7986198 0.6275678 0.0530440 
0.3732691 0.1518140 0.3750007 0.8741049 1.0364295 1.1321559 1.0508564 0.2436174 0.4427716 0.6100103 1.5728396 0.6533687 0.6358805 0.5779447 0.2030419 0.3313096 0.1632411 -0.1476131 0.6749407 0.7883453 0.0131644 0.2498738 0.3094722 0.7750749 1.4676874 0.5994713 0.8013020 0.6472617 1.0556955 0.8463837 0.1121094 0.1936173 0.1964057 0.5463351 0.3825565 0.7660326 1.3017262 0.4004728 0.0708204 0.4564649 0.4343850 0.2863348 0.6226129 0.3795822 0.6959537 0.9380963 0.7584462 0.5186102 0.8685213 0.6657838 1.3493966 0.4980694 0.6024978 1.0202359 0.5177409 0.5540171 0.3479133 0.4763308 0.5921855 0.2646069 0.7149987 0.4751050 0.4725098 0.2982529 
0.5189744 0.5042931 0.3535281 0.0666244 0.0590994 0.2493436 0.0751553 0.9149312 0.7838442 0.6465957 0.7420429 0.3351609 0.4424508 0.5798969 0.0678791 0.8685828 0.4085503 0.5107833 0.6412961 0.4016073 -0.0191541 0.9014412 -0.0294181 0.5657611 0.2944976 0.4770108 0.7454378 0.0684166 0.6886694 0.6821011 0.6501430 0.8969706 0.7904219 0.1231084 0.7186318 0.2783695 0.0910016 0.8546321 0.4991362 0.3297644 0.2075006 0.4282647 0.1052460 0.5371635 0.0968659 0.1996769 0.4229466 0.7894599 0.2160196 0.2845333 0.7596072 0.5278641 0.4685176 0.6632912 0.2598235 0.0763810 0.1890213 0.7786635 0.6001356 0.1855345 0.0548252 -0.1423957 0.2139419 0.5512183 
0.9802716 0.3933439 1.0361859 0.8611335 0.7581557 0.2967850 0.7200960 0.7287398 0.3854045 0.9222547 0.8134245 0.0848623 0.6253287 0.2354934 0.9725455 0.8051867 0.0770295 0.4673167 0.0989491 0.2925843 0.2154454 1.0413434 0.1940347 0.6278324 0.4166142 0.5884575 0.5453482 1.0622606 0.9233488 0.7284339 0.7081097 0.2538712 0.9055522 0.3024417 0.2084593 0.2712994 0.4103551 0.2839208 0.7385341 0.5341581 0.7424709 0.9280228 0.1988973 0.4866582 0.8688697 0.6815631 0.0703740 0.7383287 0.1116360 0.3950121 0.2205252 0.3441908 0.5613071 0.4336797 0.6102395 0.5752243 1.1384939 0.6984333 0.6361385 0.4722119 0.1535321 -0.0127395 0.4699659 0.8203620 
0.4306969 1.0955527 0.4974580 1.2524746 0.9247641 1.1814049 0.9182144 0.8288485 1.1710113 0.8643362 1.0192094 0.3329601 0.7429904 0.4454189 1.0861482 0.5122198 0.3122825 0.0681694 0.5647995 1.1184368 0.4704133 0.3791828 0.2825897 0.8536157 0.4696268 1.2020012 1.1236015 0.7737700 0.4846693 1.0399294 0.9153604 0.6854516 0.6201466 0.3433955 0.6937676 0.8155948 1.1826046 0.5683286 0.9338698 0.3407788 0.6851167 1.0991988 0.8056137 0.2229637 0.8313693 0.5398499 0.1009333 -0.1258743 0.7092406 0.7618314 0.6246559 0.8036021 0.7125265 0.6616584 0.4495646 0.4870413 0.8672876 0.3564223 0.7238565 0.5591487 0.7501400 0.0566891 0.6002297 0.8566461 
0.2010794 0.6291033 1.0745855 0.8451466 0.1273687 0.5789592 0.4492747 0.2417814 0.6593152 0.3593249 0.4865712 0.6786945 0.7501515 0.7879122 0.3838559 0.9757118 0.5111553 0.1414095 0.5842662 0.3152420 1.0043781 0.7184202 0.7746190 0.5723351 0.2682943 0.9638596 0.3488644 0.4915371 0.3988272 0.4511122 0.8495671 0.8824110 0.1911449 0.4600393 0.6717305 0.9257078 0.7142598 0.9365602 0.0474808 0.9908020 0.8856114 0.6999436 0.2724206 0.8074820 1.0129397 0.8189394 0.6184244 1.0807481 0.8650070 0.8845698 0.5761269 0.3456672 0.8400856 0.2912973 0.3837508 0.3484061 0.4097213 0.3406334 0.8130240 1.0537917 0.7815041 0.7363462 0.2775892 0.3175521 
0.3378165 0.3063806 0.1556461 0.8385901 0.9555501 0.7419429 0.8118416 0.4421994 0.4849764 0.4833522 0.1969518 0.8739652 0.7910332 0.6555523 -0.0204720 0.3456787 0.5442050 0.6416049 0.3033036 0.8491002 0.0595836 0.0861087 0.2233362 0.8747305 0.9311747 0.3546011 0.8035756 0.3345380 -0.0265929 0.4205270 0.0716341 0.0943949 0.1553317 0.3458325 0.6141974 0.7707246 0.5745674 0.8944588 0.9194066 0.5770559 0.4839068 0.1796609 0.9104158 0.3288442 0.7502977 0.8769742 0.5075439 0.1931282 0.6709590 0.8914854 0.7121814 0.3628810 0.2928225 -0.0299978 0.3451533 0.7009423 0.0402194 0.3758497 0.4559966 0.3077611 0.0401763 0.4501822 0.8721651 0.5029380 
0.3411125 0.3743758 0.6990282 0.7443184 0.9940340 0.6447415 0.6067267 0.0145131 0.5902958 0.6968291 0.3052315 0.0226819 0.1372657 0.8181244 0.5233679 0.0606663 1.1395909 0.9248767 0.6201468 0.7217770 0.4204650 -0.0350192 0.8067280 0.0568345 0.0925871 0.4556174 0.8361388 -0.0727621 0.8608243 0.7273906 0.0543911 0.4378807 0.1378141 0.1360177 0.1487901 0.9948220 0.5729499 0.7514185 0.0858851 0.7831779 0.4551888 0.3024979 0.3615404 0.6327475 0.7520373 0.4160837 0.3529371 0.6626860 0.8134805 0.2089390 0.4751442 0.6092569 0.7459003 0.0970202 0.7939280 0.3360630 0.7645699 0.0803695 0.0247701 0.8199532 0.0726480 0.4471914 -0.0353333 0.6771071 
0.9489354 0.9787539 0.7448940 0.0895083 0.9571669 0.1937241 0.0173768 0.1959731 1.0381108 0.9907529 0.3467659 0.6202821 1.0387040 0.5516684 0.8995271 0.5890728 0.2517480 0.1229764 0.1977187 1.0229967 0.7140606 0.4955130 0.2754888 0.8618337 0.6371410 0.4448618 0.8637727 0.1826592 0.4448796 0.3071564 0.2415774 0.1652261 0.2428433 0.8872069 0.5920772 0.9427981 -0.0622226 0.4986196 0.9329448 1.0589803 0.8113293 0.9815379 0.7718255 0.2046804 0.9866327 0.2158936 1.0521045 1.0556281 0.8906121 0.4453474 0.1669653 0.7489388 0.8779896 0.7339377 0.5197718 0.6874667 0.5090286 0.7658477 0.2053395 0.1040557 0.8118090 1.0140348 0.7156519 0.4901343 
0.3807113 0.9745728 0.5041030 0.7705289 0.1767476 0.1038776 0.5550824 0.6530183 0.4590832 0.5046541 0.5421149 0.3996943 0.7938235 0.9559166 1.0219064 0.1977034 0.4763947 -0.1203172 0.5387936 0.8641479 1.3857073 0.7131405 0.1627534 0.5493547 0.2846522 0.5913506 1.0090713 0.9304237 0.3261016 0.0588578 0.4048819 0.0857559 0.3054673 0.1162483 0.1320717 0.1982686 0.8071276 0.2090295 0.3743951 0.1326215 0.8058055 0.9524232 0.5027132 0.4582892 0.3682667 0.4458506 1.1642903 1.1918459 0.4467509 0.6058442 0.1687353 0.0518350 0.3766010 0.3370141 1.0369995 0.6870089 0.5533109 0.5119032 0.9979662 1.0718281 0.6105699 1.0964822 0.9674601 0.1387747 
0.1938465 0.9395071 0.6181507 0.3777862 0.2304907 0.9460359 0.1809255 0.7876049 1.0155882 0.6664937 0.5248414 0.0750689 0.2208690 0.8151957 0.6152472 0.5340784 0.1573237 0.5503270 0.1647282 0.3248858 1.0203420 0.0854969 0.4556701 0.8074192 0.6601214 0.4817892 0.0814917 0.2696065 0.5796189 0.2137087 0.8818557 0.5268094 0.2363429 0.0481004 0.6420055 0.4976246 0.1279687 0.4136866 0.3233986 0.8234080 0.6826022 0.1404478 0.0818935 0.3058493 0.8116090 0.9604232 0.2468511 0.8065905 0.3041074 0.1146793 0.4631169 0.2472450 0.4201509 0.4788640 0.4334349 1.0206373 0.6087630 0.3736239 0.1464998 0.5672351 1.0219594 0.9000018 1.0003896 0.5092084 
0.6901995 0.7379628 0.5049270 0.7596643 0.4571212 0.5461823 0.7748767 0.8555391 1.0141843 0.2665181 0.6593975 0.4337530 0.8714321 0.4287704 0.8136480 0.3567353 0.6179396 0.3126489 0.9549135 1.0462518 0.8421468 0.6853687 0.1343712 0.2988588 0.0710226 0.1743457 0.6749852 0.5285865 0.3735579 0.1159579 0.3970387 0.8394715 0.7099291 0.0972352 0.5234411 0.8825546 0.4473754 0.5615793 0.1694328 0.3067906 0.8763032 0.1107532 0.5605458 0.2784131 1.0173648 0.7354102 0.4535135 0.6294678 0.8436136 0.5602801 0.2526307 0.5866719 0.4897331 0.7312521 0.2980243 0.0756927 0.2740360 0.1038708 0.9629615 0.0874231 0.7133257 0.7340277 0.1603066 0.9676879 
0.9725199 0.6846431 1.0701530 0.9968799 0.0411233 0.4232232 0.9332678 0.9534781 0.1756813 0.3139902 0.5396429 0.9812824 1.0481932 0.8939302 0.2950651 0.1602085 0.7070231 0.7871812 0.7709056 0.6999149 0.7393261 0.6010834 0.8822576 0.5106413 0.9938413 0.4249393 0.9998909 0.2584336 0.6029045 0.7951168 0.9134383 0.6075808 0.3673888 0.8952637 0.3257420 0.6801253 0.3405287 0.7001017 0.8621951 0.1037861 0.1364344 0.2513054 0.0744428 0.9404989 0.3922011 0.7749193 0.1790199 0.3627069 0.4332706 0.4410950 0.3909100 0.5432020 0.6094043 0.2643935 0.2208233 0.1298982 0.6604520 0.9746869 0.2148915 0.9856858 0.1785572 0.2551825 0.5562113 0.3935911 
0.4342245 0.7374850 0.7187432 0.8555278 0.9760586 0.8355127 0.5826476 0.7297754 0.3748962 0.2408826 0.5062874 0.9353989 0.3421670 0.1730852 0.6959805 -0.0139209 0.4154780 1.1142551 0.7509186 -0.0252246 -0.1618892 0.2445303 0.5136893 0.3772483 0.4383923 0.1951724 0.6031605 0.3770808 0.6438072 0.9439499 0.2041455 0.0179460 0.8077259 0.2830559 0.5146155 0.0488093 0.6173543 0.1438866 0.5521164 0.4322761 0.6101923 0.8072435 0.7708852 0.7436212 0.4569538 0.7244122 0.8235325 0.4918739 0.8003575 0.4685599 0.1249443 0.3144176 0.4004918 0.5371277 0.3482967 0.5169463 0.7486067 0.1211422 0.8516996 0.6521320 0.9328122 0.4733153 0.5015789 0.9048668 
0.4529323 0.5077417 0.8513461 0.6029567 0.0747249 0.8152178 0.4517843 0.8498352 0.0792329 0.7230140 0.4827577 0.0308608 0.1723315 0.9445015 0.3791069 0.2825359 1.0797440 1.0695316 0.6352229 0.4942615 0.6159055 0.2683042 0.7270442 0.4258948 0.3556261 -0.0283452 0.5099265 0.4542926 0.5482232 0.6174629 0.5702760 0.3744632 0.5313503 0.1821922 0.6656821 0.2647277 0.5092272 0.2682495 0.6740988 0.1237950 0.3172452 0.8291253 0.0865076 0.2876137 0.4638510 0.1069922 0.7359749 0.3332692 -0.0762256 0.3734337 0.7906445 0.5340288 0.2584892 0.8853439 0.1097335 0.2268068 0.8113548 0.2703472 0.1672915 0.1463182 0.4052692 -0.0574626 0.2165055 0.4216672 
0.4168899 0.7697736 0.5992937 0.4744737 0.9065984 0.3818245 0.9505177 0.1130573 -0.0000848 0.0730003 1.0048378 0.1124368 0.4578321 0.6408729 0.1874506 0.5330013 0.9013021 1.1279896 0.6620487 0.4717083 -0.1201399 0.0949286 0.3427551 0.2765677 0.7801081 0.5389939 0.4950945 0.7471177 0.8646086 0.5005770 0.7690126 0.3452265 0.5273218 0.5531142 0.3558888 0.2944833 0.4433073 0.1742830 0.3354960 0.8241948 0.6699171 0.1308923 0.4583146 0.5653626 0.6264231 0.9610527 -0.1313001 0.3526180 0.7425860 0.3601582 0.0705908 0.3583338 0.8895204 0.0135521 0.9394707 0.4081172 0.7888626 0.0304717 0.5943981 0.5637504 0.7434143 0.3511192 0.3623229 -0.0139235 
0.3743571 0.0656972 0.4893857 0.7584387 0.1537366 0.8030566 0.1504985 0.2008917 0.4307245 0.7434162 0.4056666 0.8971429 0.2863902 0.3381576 0.8249885 0.3630651 0.3210860 0.0150629 0.7234799 0.5385940 0.7824488 0.8836848 1.0576780 0.0528332 0.8726218 0.6711627 0.1841312 0.8873591 0.3564980 0.6624529 0.7058208 0.2149907 0.6849339 0.8299236 0.6731342 0.8031149 0.6903014 0.3584775 0.8291740 0.3490939 0.0331902 0.4297776 0.2354279 0.5336261 0.1430175 0.6853780 0.8276603 0.4830719 0.5320285 0.2100089 0.2757637 0.8719779 0.2248711 0.5887747 0.8826477 0.0707839 0.3697631 0.3097496 0.2262139 0.4487432 1.0062497 0.3085899 0.1499183 0.4629902 
0.6446191 -0.0080516 -0.0838326 0.0364110 0.9159066 0.6885050 0.8666224 0.1926191 0.9351855 0.2666097 0.8285629 0.0756315 0.5370582 0.0670638 0.3828301 0.0925887 0.5258636 1.0795445 0.5541047 0.1031973 0.0990135 0.1139721 -0.0303336 0.4851923 0.9284280 0.8415239 0.0153435 0.5119115 0.3879094 0.0986482 0.5547726 0.6081435 0.3042925 0.6818108 0.3600698 0.6333913 0.1419980 0.6256823 0.0372996 0.1941707 0.1843981 0.3005752 0.6523208 0.3758732 0.0084233 0.5474048 0.1730915 0.6715059 0.7039800 0.5223946 0.4061723 0.2589045 -0.0068998 0.3872818 0.1975047 0.3151884 0.5308286 0.4781172 0.4751928 0.7834531 0.0420684 -0.1218872 0.4272358 0.5766402 
0.6979512 0.5185958 0.9835488 0.7691861 0.8938105 0.1197472 0.7999019 0.7507081 0.6517465 0.6025574 0.0752428 0.7641158 0.6101326 0.3121286 0.7037204 0.5583406 0.4939124 0.5449558 0.5715094 0.2188645 0.9535699 0.4197966 0.2325493 -0.0230200 0.0741965 0.3080168 0.6310690 0.2808068 0.0772537 0.7194920 0.5668436 0.7866440 1.1118884 0.3750757 0.6166141 0.8919238 0.5127461 1.0100793 0.6457351 1.0568135 0.7402822 0.6660680 0.7179908 0.2615669 0.3665576 0.1437173 0.7175311 0.5992240 0.2198458 0.1920132 0.5544588 0.5523080 0.7967798 0.3833411 0.8282529 0.6793183 0.6614990 0.1616118 0.5716836 0.3735646 0.1870340 0.8012600 0.9937060 0.9664062 
0.6639231 0.8017465 0.5388636 0.2241255 0.9174013 0.5093160 0.5814809 0.9100452 0.4118077 1.0443129 0.9034235 1.0144592 0.9247784 0.8129068 0.8064150 0.3558808 0.0011605 0.5947620 0.3038926 0.9918373 1.3326992 0.8272492 1.0072616 0.6574818 0.5047822 0.8209414 0.8570586 0.7481977 0.5266387 0.6840600 0.2757886 0.9174158 0.7385860 0.8413070 0.7287086 0.1666819 0.1061175 0.4914783 0.6753686 0.3281841 0.2731354 0.0619541 0.1346905 0.4401307 0.1219516 0.6552686 0.5208137 1.0172721 0.5195219 0.1478529 0.5499726 0.5713821 0.6382667 0.3546843 0.6960161 0.9878299 0.5841956 1.0642577 0.3700173 0.5000637 0.5336327 1.3165329 0.1787703 0.5582211 
0.7833867 0.6640270 0.6113790 0.6156218 0.1183359 0.0661410 0.0617577 0.1739723 -0.0353336 0.4499954 0.9905246 0.5601128 0.3638657 0.3235109 -0.0072880 0.2580905 0.9360629 0.9841436 0.4813181 0.7731396 0.3102627 0.9149304 0.8500338 0.3087037 0.7293558 0.7528982 0.0328916 0.3164710 0.7020975 0.2478532 0.5398185 0.7835028 0.0457397 -0.0220376 0.5588063 0.0804570 0.5614749 0.9074291 0.5070405 0.5255102 0.1722517 0.2106677 0.2589067 0.7709048 0.3624990 0.4683924 0.5627824 0.0107801 0.2658258 0.0844845 0.6558748 0.6128886 0.3630761 -0.0498959 0.3780828 0.6476265 -0.0764897 0.0276335 0.9166430 0.8868803 0.5888991 0.7967810 0.5288319 0.6920612 
0.9880296 0.1538996 0.3349999 0.1501181 0.6891839 0.9881209 0.9224032 0.6355617 0.9527811 0.5634632 0.4188507 0.8277774 0.3658319 0.0610834 0.2198189 0.6470579 0.2354511 0.3212551 1.0107013 0.1881934 0.7505607 0.8552957 0.2616029 0.4415938 0.1613879 0.9157013 0.5998791 0.9534957 0.5374728 0.0809532 0.3749433 0.6033803 0.3407467 0.3466935 0.0475659 0.3764967 0.4712409 0.3840226 0.4940887 0.5196267 0.1486199 0.3912794 0.1589833 0.7899339 0.3615831 0.2458933 0.8946595 0.9672771 0.6619979 0.4524277 0.5883954 0.2024744 0.5917870 0.5143571 0.9048238 0.4929417 0.6634217 0.8106184 0.1563573 0.7455242 0.5374476 1.0539225 0.4816665 0.5259630 
0.4933388 0.0606760 0.8494539 0.2971002 0.7700891 0.6596955 0.5231060 0.1801980 0.0569543 0.2299570 0.9452657 0.4508871 0.3627975 0.6341588 0.7675770 0.3996354 0.8446292 0.4999870 0.0536926 0.6120019 0.1425940 0.3157910 0.0728189 0.4327615 0.4266732 0.1843383 0.5399262 0.4033267 0.3014200 0.3333661 0.8625823 0.2504971 0.1750772 0.3375620 0.8049076 0.1968241 0.6927961 0.8589352 0.2241339 0.0971218 0.2554757 0.7797769 0.4895045 0.3237171 0.5890379 0.1793211 0.0060637 0.1127120 0.0092262 0.2342388 0.7041856 0.2212141 0.3374101 0.5093557 0.1961009 0.9234528 -0.1382899 0.1214474 0.7154342 0.7319379 0.7647162 0.7651333 0.7128585 0.7895678 
0.6827367 0.0155697 0.5280635 -0.0001196 0.9032109 0.4584260 0.3537283 0.9190817 0.7673947 0.5949583 0.7662136 0.1446033 0.7196199 0.5467233 0.7540878 0.0776346 0.9915454 1.1010723 0.6807871 0.6005574 -0.1150128 0.8609432 0.4993456 0.0982786 0.8445021 0.0215831 0.0172051 0.1530444 0.8602139 0.5118383 0.4822301 0.5286733 0.4993974 0.1558242 0.5208108 0.0368765 0.3074083 0.1196854 0.6150150 0.6396189 0.7116359 0.1651341 0.8565812 0.6990642 0.4204842 0.0543478 0.4727223 0.1964547 -0.0855338 0.4902586 0.1502746 0.2919865 0.7776090 0.3636299 0.1949717 0.8385503 0.0349639 0.6506384 0.7917002 0.6274730 0.1986284 0.2699399 0.6492579 0.2874773 
0.2512965 0.2642345 0.1935501 0.1272952 0.8783993 0.5713444 0.4485798 0.4967055 0.1672788 0.1997742 0.1068307 0.0578392 0.5857047 0.7131102 0.0580827 0.1266168 1.0021355 0.7424065 0.4136891 -0.1293843 -0.1889896 0.2780091 0.7752329 0.3336068 0.5832027 0.2736660 0.2685556 0.1730645 0.2931800 0.3149024 0.2556912 0.5579710 0.3766519 0.7886255 0.2044559 0.4673401 0.8912274 0.6154586 0.4300118 0.8633501 0.9480628 0.7605197 0.5590257 0.7527463 0.1511584 0.1018041 -0.0469469 0.0065991 0.4469532 0.5265756 0.9303583 0.7812287 0.7669276 0.2723491 0.7323721 0.2272340 -0.1829688 0.7995992 0.7738469 0.6258250 0.3692574 0.6165997 0.3801762 0.4202023 
0.1540035 0.9096705 0.7786205 0.9406134 0.4134498 0.1671878 1.0034368 0.5500824 0.5767151 0.8153630 0.8730589 0.2563316 0.3902031 0.4778430 0.4614458 0.5009263 0.9345368 1.0319173 0.1781777 0.4955127 -0.0338946 0.2236251 0.2178734 0.1829675 0.5793573 0.7528982 0.1309781 0.6027957 0.3814700 0.7145423 0.4290669 0.6757115 0.6421019 0.8291846 0.3868650 0.6705324 0.3500427 0.7953041 0.1330667 0.7484479 0.6709547 0.4044907 0.9594896 0.8489101 0.5243997 0.0974094 0.3574844 0.2032909 0.3624474 0.0293375 -0.0133046 0.0211042 0.3986607 -0.0340873 0.7885262 0.3725327 0.4482150 0.3484441 0.4455288 0.8816311 0.4949631 0.4843935 0.7215563 0.2305908 
0.7933358 0.9223967 -0.0632021 0.7241151 0.1912751 0.2068924 0.5879578 0.5327173 0.6899082 0.7985778 0.7608118 -0.0173889 0.3160431 0.9198731 0.1846429 0.8001298 0.6957297 0.2858191 0.5827616 0.6547278 -0.0929479 0.5412007 0.2976793 0.2849908 0.1453536 0.4623009 0.0170831 0.7441879 0.2318073 0.5646964 0.9758365 0.8004711 0.7458038 0.9372507 0.5543811 0.8418938 0.2899518 0.8370535 0.9452863 0.6117555 0.7771896 0.9299890 0.6149661 -0.0471744 0.9379255 0.0742153 0.5625993 -0.1664714 0.1775663 0.7056582 0.7758125 0.6467337 0.2654779 0.4619301 0.7706729 0.3921561 0.6253139 0.3579964 0.7830940 0.1321271 0.0367887 0.6089395 0.0819799 0.1620462 
0.1107993 0.3769249 1.0741204 0.6681040 0.2167879 0.1361356 0.7075529 0.1317062 0.9767311 0.6120340 0.1472969 0.6152129 1.0473387 0.6042791 0.4948088 0.5682715 0.1892766 0.3582130 0.9373841 0.6587759 0.6123996 0.7932584 0.5879676 0.9229464 0.2283455 0.9154023 0.3293993 0.2534286 0.4266601 0.5643053 0.3862310 0.2685812 1.1091717 0.8935547 0.5474589 0.5032705 -0.0388774 1.0171280 0.7974653 0.7656716 0.6826852 0.4213545 0.4025473 0.2158979 0.2508394 0.9682235 -0.0041827 -0.1189362 0.2264772 0.8169915 1.0003952 1.0239295 0.2073229 0.3272311 0.8350999 0.6689161 1.1372426 0.5731854 0.0832652 0.8243955 0.1164826 0.3865647 0.9227386 0.3535814 
0.4021048 0.4617703 1.1010451 0.8524100 0.4293493 0.9512545 0.2383613 0.4223289 0.4730606 0.2506485 0.8478493 0.4096433 0.4611412 0.0725889 0.9537280 0.4193593 -0.1786240 0.1194667 0.8431852 0.4101240 0.7695103 0.3704787 0.6450069 0.1224923 0.9960692 0.3366126 0.6328696 0.7124605 0.5427525 0.3506758 0.3989918 0.7777326 0.6851786 0.3196541 0.5604295 0.0637735 0.6465392 0.4147242 0.8490495 0.3210733 0.1776430 0.1438963 0.5693046 0.5450533 0.3433330 0.4927575 1.0646556 0.9053789 0.6365150 0.7914273 0.3911847 0.7911154 1.0690965 0.2555296 0.7989246 0.4772247 0.2397943 0.7250445 0.0755137 0.2459667 0.7423794 1.0436219 0.4569770 0.8904151 
0.5481501 0.3493813 0.6451020 0.1956566 0.2250741 0.7646493 0.1554198 0.7743325 0.6160536 0.7459641 0.2993743 0.6324114 0.7161108 0.6510667 0.9674122 0.5714549 0.6918613 0.3953296 0.3280437 0.5975361 -0.2107799 0.6177413 0.0178247 0.0688286 0.9765878 0.4742947 0.5075157 0.6640158 0.8772206 0.1857328 0.3986399 0.6603608 0.8596991 0.7671710 0.7206778 0.0447504 0.2788470 0.2136519 0.2818444 0.1014261 0.4080683 0.4232293 0.0449915 0.9235005 0.2807705 0.4359207 0.5585404 -0.1446506 0.4521415 0.7778061 0.6547163 0.6730408 0.7203258 0.5066677 0.7018536 0.2776305 0.5407723 0.2639087 0.7484397 0.5045907 0.0685585 0.5810456 0.3069332 0.1053740 
0.1943795 0.8400883 0.0572239 0.6115018 1.0136574 0.6800514 0.3502797 0.0177175 0.1908390 0.6927091 0.8035682 0.6015569 0.3735095 0.3115171 0.0313179 0.3450683 0.8027581 0.4969156 0.5548982 0.7363343 -0.1062540 0.6358081 0.6911544 0.3488050 0.6167425 0.1540029 0.3979846 -0.0448987 0.3586117 0.9224954 0.9479731 0.1884224 0.3190635 0.1216740 0.1633475 0.8690858 0.3047837 0.9387716 0.3183446 0.3459087 0.4108760 0.9299890 0.2127017 0.4762791 0.3683281 0.7502308 0.0524519 0.7103254 0.0318099 0.7224434 0.2965193 0.1746734 0.6653620 0.5600166 0.0498562 0.4918600 0.7478763 0.4178737 0.4710728 -0.0125612 0.9080616 0.0772155 0.7784428 0.1138880 
1.0197072 0.8016757 0.2915380 0.6478889 0.8564344 0.8944205 0.3188668 0.3547687 
1.0562340 0.5062182 1.0320471 0.9422348 0.3360712 0.4933704 0.8186139 0.4998257 
0.0866206 0.7844540 0.2175862 0.3585978 0.7147721 0.8238411 0.0202413 0.3556583 
0.8670497 0.7538377 0.4319835 0.7865219 0.8979825 0.4367049 0.8308100 0.6971273 
1.1023521 1.1988660 0.6867905 0.1914098 -0.2012722 0.1774267 0.9551068 0.7001624 
0.4692862 1.0780050 0.4052330 0.2999746 -0.1271395 0.7492854 0.3378340 0.8677029 
0.4404276 0.8203334 0.1643141 1.0066411 0.4355802 -0.0897278 0.9120145 0.9025193 
1.1138056 0.9143706 0.1192336 0.4665328 0.6706911 0.1788913 0.8272705 0.9793336 
0.7718517 0.6708453 1.0150756 1.0191797 0.9050747 0.5136215 1.1124673 0.0516801 
0.6283473 0.9985151 0.1642103 0.2848604 0.4942234 0.7207735 0.4624758 0.8333162 
0.7176779 1.4040162 0.8890546 0.5587442 -0.1965701 0.1780287 0.4568322 0.8772299 
0.6679942 0.6829850 0.9238314 0.2019959 0.3666916 0.6867957 1.1013708 0.7589777 
1.1604209 0.5975109 1.0445172 0.2987521 0.1397614 0.6812347 0.6558455 0.7550423 
0.2823806 0.6951976 0.5259506 0.4578574 0.3305641 0.6172829 0.4512025 0.8409458 
0.8640200 0.4442796 0.3148893 0.1764652 0.7927790 0.8228093 0.9499019 0.7100665 
0.4270160 0.2784350 0.6008793 1.0476394 -0.0549225 0.3289353 0.7446167 0.5294638 
0.1898273 0.7788079 0.1742332 0.2348532 -0.2566471 -0.5093818 0.8726960 0.5528338 
0.0055389 0.3698613 -0.1150202 -0.0195101 0.2439103 -1.8939377 0.2580983 0.1177100 
0.8954922 0.7004095 0.1509857 0.3821042 0.1510592 0.5526385 0.6999506 0.3286899 
0.2877372 0.4775942 0.2062740 0.5624372 0.3898001 0.3676656 0.6674794 -0.0549873 
0.3262245 0.6894734 0.7367815 0.4700571 0.8066185 0.0168442 1.1497924 1.2364389 
0.8984942 0.1060125 0.3805597 0.0166363 -0.0206273 0.6992098 0.7409611 0.2447627 
0.8178818 0.3119532 -0.0431564 0.4088821 0.2631974 0.5321476 0.1698957 -0.0482254 
0.3737428 0.7445200 0.4931148 0.7321666 0.0424557 0.6074506 0.5101200 0.2959594 
1.1512555 1.3830448 0.1722631 0.1594644 0.1194578 -0.1106044 0.4518328 0.1788654 
0.4820862 0.2115907 0.9191547 0.5605232 0.9102597 0.4056955 0.9189545 0.6135161 
1.0513335 0.2812782 0.8681472 0.4545949 0.3784804 0.7146453 0.6253194 0.5209267 
0.7874740 0.9481948 0.5770735 0.7832922 0.8616228 0.2585411 0.3439187 0.2338440 
0.5878636 1.2281286 0.0176999 0.7351512 0.2380627 -0.0434402 0.6523907 0.2307127 
0.9911181 1.2778170 -0.0369799 0.3951585 0.0799283 0.7228159 0.2900652 0.4161912 
0.2336866 0.2345586 0.7105232 0.2894673 0.5600170 0.1088545 0.3804228 0.7830505 
0.9341438 0.3941344 0.8477476 0.5043963 0.3408950 0.7474151 0.3081744 0.8020660 
1.0089326 0.3360958 0.2992419 0.1379394 0.1810121 0.6751543 0.8860460 0.4362816 
0.2321430 0.1541189 0.4335423 0.8255656 0.2697938 -0.0126251 0.4753245 0.1856899 
0.6070711 0.1838955 0.9333453 0.5172801 0.1988812 0.3105590 1.0671964 0.2131522 
0.2439844 0.5622007 0.7977885 0.6799655 0.4085190 0.1006345 1.1796785 0.7779743 
0.6619077 1.0289399 0.4570481 0.3037122 -0.1829353 0.1440712 0.1638625 0.2672499 
1.1164158 0.0515757 0.3215910 0.3474507 0.3766280 0.8555059 0.2143116 0.2736054 
0.8247959 0.2005629 0.6526125 0.5440901 0.6706089 0.1353036 0.5006071 0.4351413 
1.0591937 0.2183227 0.8937607 0.4579091 0.5016798 0.6139665 0.6541444 0.1543797 
1.1245642 0.2554745 0.7700267 1.0251961 -0.0245303 0.0722756 1.1486455 0.0951797 
0.1186587 0.6521881 0.5585018 0.2426181 0.5993802 0.8617921 0.9033016 0.5038803 
0.7049404 1.1129145 0.8047958 0.8832869 0.2374760 0.1594819 0.9104698 0.1762343 
1.1443160 0.1288168 0.4989551 0.5837688 0.0308214 0.1582290 0.7230591 0.4470812 
0.2943704 -0.0143885 0.1679876 0.9941933 0.9240740 0.2432805 0.6353097 0.3781634 
1.0304165 0.0525502 0.6629962 0.2645031 0.2378711 0.6516599 0.3394119 0.9031952 
0.3295446 0.3140371 0.5176078 0.4141809 0.1709895 0.5157005 0.8009158 0.7651262 
0.4396838 0.9725956 1.4195697 1.1402832 0.7279206 0.5317443 1.0976656 1.3679497 
1.0964284 0.8032282 0.4782551 0.2681408 0.8924210 0.5839178 0.8086199 0.6284740 
1.0323245 0.7846977 0.2657066 0.7298849 0.2023316 0.2875325 0.5049693 0.3467694 
0.4128027 1.4950160 0.7318178 -0.0741434 0.1017980 0.7399212 0.8516531 0.2769990 
0.1929638 0.5050857 0.3083931 0.8431226 0.1962922 0.6700369 1.1304330 0.4399483 
0.8217974 0.5233893 0.2199267 0.8112226 0.2365023 0.6857317 0.7561580 0.0838133 
1.1097115 1.0314464 0.5386255 0.9165887 0.4118395 0.2605823 0.8617159 0.7446661 
0.5885211 0.1430400 0.1720369 0.2012622 0.4978424 0.6321352 0.8399734 0.7937511 
0.1963919 0.2954360 0.5048480 0.3228949 0.3445059 0.1455503 0.8497638 0.5503835 
0.0871530 0.9536583 -0.2086386 -0.0734732 0.9867681 0.7257904 0.7977853 0.4013219 
0.8406217 0.6605850 0.5870598 0.7792224 0.3294122 0.8774159 0.6607491 0.9510042 
0.9162902 1.3706992 0.4510224 0.3963687 0.3996223 -0.0533600 0.6040416 0.8468110 
0.6860218 -0.0319396 0.7314699 0.5761532 0.6380377 0.7247901 0.6402214 0.2008301 
1.0971803 0.4459617 0.9660771 0.6054459 0.5833400 0.2223337 0.5888178 0.4009303 
0.4877471 0.5339532 0.6287334 0.9656006 0.7128683 0.3254597 1.1037465 0.7017835 
0.7165014 0.0162523 0.0395348 0.6469271 0.3708382 -0.0616363 0.7384495 0.3806114 
0.4325148 -0.0332377 0.1071973 0.5706210 0.1347906 0.6550660 0.4980658 0.6012779 
----------Biases------------
-0.3957335 0.6430344 0.5546807 0.0279244 1.0075363 0.2801294 0.5685735 0.3459273 -0.7322916 -0.3343303 0.1685435 0.3283206 -0.1548814 -0.9897459 0.5342265 0.1507920 0.4072085 0.7835017 0.8910483 0.8905606 -0.1343730 -0.3975646 0.7639398 0.5616298 0.3384198 0.5621204 0.3214515 0.4971727 0.8806726 0.3606063 0.6529547 -0.2565081 -0.5027912 0.0559160 -0.5639627 0.8895230 0.8977020 -0.1607158 0.2050049 0.9129263 0.3650929 0.7555467 -0.0710650 -0.8306223 -0.5132856 -0.8594928 -0.9336697 0.4880911 -0.9772332 -0.6573992 0.5476547 -0.1162450 -0.8343560 -0.8387402 0.3916440 0.0618032 0.7158116 -0.1949828 -0.5463729 -0.3553880 0.6196168 0.8377026 0.1381981 -0.3480026 
-0.5087364 0.1578470 -0.5798194 -1.0064980 -0.5363167 0.7170093 0.6350784 -0.9277764 0.3402271 0.6535539 0.8698239 -0.1159637 0.8791402 -0.8213910 0.7760001 0.5957473 0.6701551 0.6741366 0.3981857 0.6116967 -0.6981299 0.8567621 -1.0113816 -0.2988893 -0.8695394 0.4530233 0.6129264 0.1513659 0.3007181 -0.5697987 -0.1415987 -0.1149621 0.1426360 -0.5385939 -0.9818596 -0.4920397 1.0214804 -0.6853929 -1.0118962 0.2436717 0.8821733 0.5415799 0.0807091 -0.6954180 -0.7502058 -0.7937311 -1.0516162 -0.4297851 -0.5203005 -0.1083010 -0.0718085 -0.2650068 -0.4792042 0.7650704 0.5870430 -0.8425008 0.6600440 0.8356416 0.6171649 -0.1331703 -0.1837991 -0.5524729 0.1757938 0.1871325 
0.1190753 0.4171785 -0.7593690 -0.3373380 6.8619540 7.1957554 0.4268539 0.2092933 
