1  -6.4969
2  -12.372
3  -33.1587
4  -8.73536
5  -4.19213
6  -20.9734
7  -36.4907
8  -50.9413
9  -64.407
10  -69.7575
11  -83.2231
12  -88.5736
13  -102.039
14  -107.39
15  -120.855
16  -126.206
17  -139.671
18  -145.022
19  -158.488
20  -163.838
21  -177.304
22  -182.654
23  -196.12
24  -201.47
25  -214.936
26  -220.286
27  -233.752
28  -239.102
29  -252.568
30  -257.919
31  -271.384
32  -276.735
33  -282.558
34  -289.24
35  -296.238
36  -303.374
37  -306.748
38  -313.883
39  -317.257
40  -324.392
41  -327.766
42  -334.901
43  -338.275
44  -345.411
45  -348.784
46  -355.92
47  -359.293
48  -366.429
49  -369.802
50  -376.938
51  -380.312
52  -387.447
53  -390.821
54  -397.956
55  -401.33
56  -408.465
57  -411.839
58  -418.975
59  -422.348
60  -429.484
61  -432.857
62  -439.993
63  -443.366
64  -450.502
65  -453.876
66  -461.011
67  -464.385
68  -471.52
69  -474.894
70  -482.029
71  -485.403
72  -492.539
73  -495.912
74  -503.048
75  -506.421
76  -518.845
77  -522.484
78  -530.141
79  -533.78
80  -541.438
81  -545.077
82  -552.734
83  -556.373
84  -564.03
85  -567.67
86  -575.327
87  -578.966
88  -586.623
89  -590.262
90  -597.92
91  -609.216
92  -612.855
93  -620.513
94  -624.152
95  -631.809
96  -635.448
97  -643.106
98  -646.745
99  -654.402
100  -658.041
101  -665.699
102  -669.338
103  -676.995
104  -680.634
105  -688.291
106  -691.931
107  -699.588
108  -703.227
109  -710.884
110  -714.523
111  -722.181
112  -725.82
113  -733.477
114  -737.116
115  -744.774
116  -748.413
117  -756.07
118  -759.709
119  -767.367
120  -771.006
121  -778.663
122  -782.302
123  -789.96
124  -793.599
125  -801.256
126  -804.895
127  -812.552
128  -816.192
129  -823.849
130  -827.488
131  -835.145
132  -838.784
133  -846.442
134  -855.822
135  -864.062
136  -867.799
137  -876.039
138  -879.776
139  -888.016
140  -891.753
141  -899.993
142  -919.589
143  -927.246
144  -930.885
145  -938.542
146  -942.181
147  -949.839
148  -953.478
149  -961.135
150  -964.774
151  -972.432
152  -976.071
153  -983.728
154  -987.367
155  -995.025
156  -998.664
157  -1006.32
158  -1009.96
159  -1017.62
160  -1021.26
161  -1028.91
162  -1032.55
163  -1043.4
164  -1044.36
165  -1052.87
166  -1055.52
167  -1064.02
168  -1066.67
169  -1075.18
170  -1077.83
171  -1086.33
172  -1088.99
173  -1097.49
174  -1100.14
175  -1108.65
176  -1111.3
177  -1119.8
178  -1122.45
179  -1130.96
180  -1133.61
181  -1142.11
182  -1144.77
183  -1153.27
184  -1155.92
185  -1164.43
186  -1167.08
187  -1175.58
188  -1178.23
189  -1186.74
190  -1189.39
191  -1197.89
192  -1200.55
193  -1209.05
194  -1211.7
195  -1220.21
196  -1222.86
197  -1231.36
198  -1234.01
199  -1242.52
200  -1245.17
201  -1253.67
202  -1256.33
203  -1264.83
204  -1267.48
205  -1275.99
206  -1278.64
207  -1287.14
208  -1289.79
209  -1298.3
210  -1300.95
211  -1309.45
212  -1312.11
213  -1320.61
214  -1323.26
215  -1334.42
216  -1342.92
217  -1345.57
218  -1354.08
219  -1356.73
220  -1365.23
221  -1367.89
222  -1376.39
223  -1379.04
224  -1387.55
225  -1390.2
226  -1398.7
227  -1401.35
228  -1409.86
229  -1412.51
230  -1421.01
231  -1423.67
232  -1432.17
233  -1434.82
234  -1443.32
235  -1445.98
236  -1454.48
237  -1457.13
238  -1465.64
239  -1468.29
240  -1476.79
241  -1479.45
242  -1487.95
243  -1490.6
244  -1499.1
245  -1501.76
246  -1510.26
247  -1512.91
248  -1521.42
249  -1524.07
250  -1532.57
251  -1535.23
252  -1543.73
253  -1546.38
254  -1554.88
255  -1557.54
256  -1566.04
257  -1568.69
258  -1577.2
259  -1579.85
260  -1588.35
261  -1591.01
262  -1599.51
263  -1602.16
264  -1610.66
265  -1613.32
266  -1621.82
267  -1624.47
268  -1632.98
269  -1635.63
270  -1644.13
271  -1646.79
272  -1655.29
273  -1657.94
274  -1670.16
275  -1672.52
276  -1681.79
277  -1684.15
278  -1693.42
279  -1695.78
280  -1705.05
281  -1707.41
282  -1716.68
283  -1719.04
284  -1728.31
285  -1730.67
286  -1739.94
287  -1742.3
288  -1751.57
289  -1753.93
290  -1763.2
291  -1765.56
292  -1774.83
293  -1777.19
294  -1786.46
295  -1788.82
296  -1798.08
297  -1800.45
298  -1809.71
299  -1812.08
300  -1821.34
301  -1823.71
302  -1832.97
303  -1835.34
304  -1846.97
305  -1856.23
306  -1858.59
307  -1867.86
308  -1870.22
309  -1879.49
310  -1881.85
311  -1891.12
312  -1893.48
313  -1902.75
314  -1905.11
315  -1914.38
316  -1916.74
317  -1926.01
318  -1928.37
319  -1937.64
320  -1940
321  -1949.27
322  -1951.63
323  -1960.9
324  -1963.26
325  -1972.53
326  -1974.89
327  -1984.15
328  -1986.52
329  -1995.78
330  -1998.15
331  -2007.41
332  -2009.78
333  -2019.04
334  -2021.41
335  -2030.67
336  -2033.04
337  -2042.3
338  -2044.66
339  -2053.93
340  -2056.29
341  -2065.56
342  -2067.92
343  -2077.19
344  -2079.55
345  -2088.82
346  -2091.18
347  -2100.45
348  -2102.81
349  -2112.08
350  -2114.44
351  -2123.71
352  -2126.07
353  -2135.34
354  -2137.7
355  -2146.97
356  -2149.33
357  -2158.59
358  -2160.96
359  -2170.22
360  -2172.59
361  -2181.85
362  -2184.22
363  -2193.48
364  -2198.15
365  -2180.25
366  -2162.31
367  -2147.6
368  -2147.34
369  -2147.6
370  -2147.34
371  -2147.6
372  -2147.34
373  -2147.6
374  -2147.34
375  -2147.6
376  -2147.34
377  -2147.6
378  -2147.34
379  -2141.74
380  -2141.66
381  -2158.3
382  -2158.72
383  -2158.97
384  -2158.72
385  -2158.97
386  -2158.72
387  -2158.97
388  -2158.72
389  -2158.97
390  -2158.72
391  -2158.97
392  -2158.72
393  -2158.97
394  -2158.72
395  -2158.97
396  -2174.7
397  -2175.12
398  -2174.7
399  -2175.12
400  -2174.7
401  -2175.12
402  -2174.7
403  -2175.12
404  -2174.7
405  -2175.12
406  -2174.7
407  -2175.12
408  -2174.7
409  -2175.12
410  -2174.7
411  -2175.12
412  -2174.7
413  -2175.12
414  -2174.7
415  -2175.12
416  -2174.7
417  -2175.12
418  -2174.7
419  -2175.12
420  -2174.7
421  -2175.12
422  -2174.7
423  -2175.12
424  -2174.7
425  -2175.12
426  -2173.98
427  -2175.88
428  -2176.46
429  -2178.36
430  -2178.94
431  -2180.84
432  -2181.42
433  -2183.32
434  -2183.89
435  -2185.8
436  -2186.37
437  -2188.28
438  -2188.85
439  -2190.76
440  -2191.33
441  -2193.23
442  -2193.81
443  -2195.71
444  -2196.29
445  -2198.19
446  -2198.77
447  -2200.67
448  -2201.25
449  -2203.15
450  -2203.73
451  -2205.63
452  -2206.21
453  -2208.11
454  -2208.68
455  -2210.59
456  -2211.16
457  -2213.07
458  -2213.64
459  -2215.55
460  -2216.12
461  -2218.03
462  -2218.6
463  -2220.5
464  -2221.08
465  -2222.98
466  -2223.56
467  -2225.46
468  -2226.04
469  -2227.94
470  -2228.52
471  -2230.42
472  -2231
473  -2232.9
474  -2233.47
475  -2235.38
476  -2235.95
477  -2237.86
478  -2238.43
479  -2240.34
480  -2240.91
481  -2245.74
482  -2251.81
483  -2253.71
484  -2254.29
485  -2256.19
486  -2256.77
487  -2258.67
488  -2259.25
489  -2261.15
490  -2261.73
491  -2263.63
492  -2264.21
493  -2266.11
494  -2266.68
495  -2268.59
496  -2269.16
497  -2271.07
498  -2271.64
499  -2273.55
500  -2274.12
501  -2278.95
502  -2285.02
503  -2286.92
504  -2287.5
505  -2289.4
506  -2289.98
507  -2291.88
508  -2292.46
509  -2294.36
510  -2294.94
511  -2296.84
512  -2297.42
513  -2299.32
514  -2299.89
515  -2306.16
516  -2309.1
517  -2315.45
518  -2318.38
519  -2324.73
520  -2327.67
521  -2334.02
522  -2336.96
523  -2343.31
524  -2346.24
525  -2350.41
526  -2356.78
527  -2363.13
528  -2366.07
529  -2372.42
530  -2375.35
531  -2381.7
532  -2384.64
533  -2390.99
534  -2393.93
535  -2400.27
536  -2403.21
537  -2409.56
538  -2412.5
539  -2418.85
540  -2421.78
541  -2428.13
542  -2431.07
543  -2437.42
544  -2440.36
545  -2446.7
546  -2449.64
547  -2455.99
548  -2458.93
549  -2465.28
550  -2468.21
551  -2474.56
552  -2477.5
553  -2483.85
554  -2490.95
555  -2497.32
556  -2503.67
557  -2506.61
558  -2512.96
559  -2515.9
560  -2522.25
561  -2525.18
562  -2531.53
563  -2534.47
564  -2540.82
565  -2543.75
566  -2550.1
567  -2553.04
568  -2559.39
569  -2562.33
570  -2568.68
571  -2571.61
572  -2577.96
573  -2580.9
574  -2587.25
575  -2590.18
576  -2596.53
577  -2599.47
578  -2605.82
579  -2608.76
580  -2615.11
581  -2618.04
582  -2624.39
583  -2627.33
584  -2633.68
585  -2636.61
586  -2642.96
587  -2645.9
588  -2652.25
589  -2655.19
590  -2661.53
591  -2664.47
592  -2670.82
593  -2673.76
594  -2680.11
595  -2683.04
596  -2689.39
597  -2692.33
598  -2698.68
599  -2713.07
600  -2714.97
601  -2715.55
602  -2717.45
603  -2718.03
604  -2719.93
605  -2720.51
606  -2722.41
607  -2722.99
608  -2724.89
609  -2725.46
610  -2727.37
611  -2727.94
612  -2729.85
613  -2730.42
614  -2732.33
615  -2732.9
616  -2734.81
617  -2735.38
618  -2737.28
619  -2737.86
620  -2744.13
621  -2747.06
622  -2753.41
623  -2760.67
624  -2767.5
625  -2770.3
626  -2777.13
627  -2793.07
628  -2799.42
629  -2802.35
630  -2808.7
631  -2811.64
632  -2817.99
633  -2820.93
634  -2827.28
635  -2830.21
636  -2836.56
637  -2839.5
638  -2845.85
639  -2848.78
640  -2855.13
641  -2858.07
642  -2864.42
643  -2867.36
644  -2873.71
645  -2876.64
646  -2882.99
647  -2885.93
648  -2892.28
649  -2895.21
650  -2901.56
651  -2904.5
652  -2910.85
653  -2913.79
654  -2920.13
655  -2927.39
656  -2934.22
657  -2937.02
658  -2955.51
659  -2959.04
660  -2965.6
661  -2969.13
662  -2979.22
663  -2985.78
664  -2989.31
665  -2995.87
666  -2999.4
667  -3005.95
668  -3009.48
669  -3016.04
670  -3019.57
671  -3026.13
672  -3029.66
673  -3034.39
674  -3040.95
675  -3047.5
676  -3051.03
677  -3057.59
678  -3061.12
679  -3067.68
680  -3071.21
681  -3077.77
682  -3081.3
683  -3087.86
684  -3091.38
685  -3097.94
686  -3101.47
687  -3108.03
688  -3111.56
689  -3118.12
690  -3121.69
691  -3122.26
692  -3121.69
693  -3122.26
694  -3121.69
695  -3122.26
696  -3121.69
697  -3122.26
698  -3121.69
699  -3122.26
700  -3121.69
701  -3122.26
702  -3121.69
703  -3121.51
704  -3125.59
705  -3130.84
706  -3137.55
707  -3144.3
708  -3148.37
709  -3155.12
710  -3159.2
711  -3165.94
712  -3170.02
713  -3176.77
714  -3180.84
715  -3187.59
716  -3191.66
717  -3198.41
718  -3202.49
719  -3209.24
720  -3213.31
721  -3220.06
722  -3224.13
723  -3230.88
724  -3234.96
725  -3241.7
726  -3245.78
727  -3252.53
728  -3256.6
729  -3267.42
730  -3274.17
731  -3278.25
732  -3285
733  -3289.07
734  -3295.82
735  -3299.89
736  -3306.64
737  -3310.72
738  -3317.46
739  -3321.54
740  -3328.29
741  -3332.36
742  -3339.11
743  -3343.19
744  -3349.93
745  -3359.97
746  -3347.04
747  -3333.55
748  -3321.58
749  -3310.44
750  -3301.27
751  -3301.42
752  -3301.27
753  -3301.42
754  -3301.27
755  -3301.42
756  -3301.27
757  -3301.42
758  -3301.27
759  -3301.42
760  -3301.27
761  -3301.42
762  -3301.27
763  -3301.42
764  -3301.27
765  -3301.42
766  -3301.27
767  -3301.42
768  -3301.27
769  -3301.42
770  -3301.27
771  -3301.42
772  -3301.27
773  -3301.42
774  -3301.27
775  -3301.42
776  -3301.27
777  -3301.42
778  -3301.27
779  -3301.42
780  -3301.4
781  -3301.22
782  -3301.4
783  -3301.42
784  -3301.27
785  -3301.42
786  -3301.42
787  -3301.27
788  -3301.42
789  -3301.27
790  -3301.42
791  -3301.4
792  -3301.42
793  -3301.27
794  -3301.42
795  -3301.27
796  -3301.42
797  -3301.27
798  -3301.42
799  -3301.27
800  -3301.42
801  -3301.27
802  -3301.42
803  -3301.27
804  -3301.42
805  -3301.27
806  -3301.42
807  -3301.27
808  -3301.4
809  -3301.42
810  -3301.27
811  -3301.42
812  -3301.27
813  -3301.42
814  -3301.27
815  -3301.42
816  -3301.27
817  -3301.4
818  -3301.42
819  -3301.27
820  -3301.42
821  -3301.27
822  -3301.42
823  -3301.27
824  -3301.42
825  -3301.27
826  -3301.42
827  -3301.27
828  -3301.42
829  -3301.27
830  -3301.42
831  -3301.4
832  -3301.42
833  -3301.27
834  -3301.42
835  -3301.27
836  -3301.42
837  -3301.27
838  -3301.42
839  -3301.27
840  -3301.42
841  -3301.27
842  -3301.42
843  -3301.27
844  -3301.42
845  -3301.27
846  -3301.42
847  -3301.27
848  -3301.42
849  -3301.27
850  -3301.42
851  -3301.27
852  -3301.42
853  -3301.27
854  -3301.42
855  -3301.27
856  -3301.42
857  -3301.27
858  -3301.42
859  -3301.27
860  -3301.42
861  -3301.27
862  -3301.42
863  -3301.27
864  -3301.42
865  -3301.27
866  -3301.42
867  -3301.27
868  -3301.42
869  -3301.4
870  -3301.42
871  -3301.27
872  -3301.42
873  -3301.27
874  -3301.42
875  -3301.27
876  -3301.42
877  -3301.27
878  -3300.71
879  -3300.39
880  -3300.71
881  -3300.39
882  -3300.71
883  -3300.87
884  -3300.85
885  -3300.87
886  -3300.71
887  -3300.39
888  -3300.71
889  -3300.39
890  -3300.71
891  -3300.39
892  -3300.71
893  -3300.39
894  -3300.71
895  -3300.39
896  -3300.71
897  -3300.71
898  -3300.39
899  -3300.71
900  -3304.63
901  -3304.86
902  -3304.63
903  -3304.86
904  -3304.63
905  -3304.86
906  -3304.93
907  -3304.86
908  -3304.63
909  -3304.86
910  -3304.63
911  -3304.86
912  -3304.63
913  -3304.86
914  -3304.63
915  -3304.86
916  -3304.63
917  -3304.86
918  -3304.63
919  -3304.86
920  -3304.63
921  -3304.86
922  -3304.63
923  -3304.86
924  -3304.63
925  -3304.86
926  -3304.63
927  -3304.86
928  -3304.63
929  -3304.86
930  -3304.63
931  -3304.86
932  -3304.63
933  -3304.86
934  -3304.63
935  -3304.86
936  -3304.63
937  -3304.86
938  -3304.63
939  -3304.86
940  -3304.63
941  -3304.86
942  -3304.63
943  -3304.86
944  -3304.63
945  -3304.86
946  -3304.63
947  -3304.86
948  -3304.63
949  -3304.86
950  -3304.93
951  -3304.82
952  -3304.93
953  -3304.86
954  -3304.63
955  -3304.86
956  -3304.63
957  -3304.86
958  -3304.93
959  -3304.82
960  -3304.93
961  -3304.86
962  -3304.63
963  -3304.86
964  -3304.63
965  -3304.86
966  -3304.63
967  -3304.86
968  -3304.63
969  -3304.86
970  -3304.63
971  -3304.86
972  -3304.63
973  -3304.86
974  -3304.63
975  -3304.86
976  -3304.63
977  -3304.86
978  -3304.63
979  -3304.86
980  -3304.93
981  -3304.86
982  -3304.63
983  -3304.86
984  -3304.63
985  -3304.86
986  -3304.63
987  -3304.86
988  -3304.63
989  -3304.86
990  -3304.63
991  -3304.86
992  -3304.63
993  -3304.86
994  -3304.63
995  -3304.86
996  -3304.63
997  -3304.86
998  -3304.63
999  -3304.86
1000  -3304.63
1001  -3304.86
1002  -3304.63
1003  -3304.86
1004  -3304.63
1005  -3304.86
1006  -3304.63
1007  -3304.86
1008  -3304.93
1009  -3304.82
1010  -3305.16
1011  -3304.88
1012  -3305.16
1013  -3305.27
1014  -3303.11
1015  -3303.26
1016  -3303.11
1017  -3303.26
1018  -3303.11
1019  -3303.26
1020  -3303.11
1021  -3303.26
1022  -3303.11
1023  -3303.26
1024  -3303.11
1025  -3303.26
1026  -3303.11
1027  -3303.26
1028  -3303.24
1029  -3303.05
1030  -3303.24
1031  -3303.05
1032  -3303.24
1033  -3303.26
1034  -3303.11
1035  -3303.26
1036  -3303.11
1037  -3303.26
1038  -3303.11
1039  -3303.26
1040  -3303.11
1041  -3303.26
1042  -3303.11
1043  -3303.26
1044  -3303.11
1045  -3303.26
1046  -3303.11
1047  -3303.26
1048  -3303.11
1049  -3303.26
1050  -3303.24
1051  -3303.26
1052  -3303.11
1053  -3303.26
1054  -3303.11
1055  -3303.26
1056  -3303.11
1057  -3303.26
1058  -3303.11
1059  -3303.26
1060  -3303.11
1061  -3303.26
1062  -3303.11
1063  -3303.26
1064  -3303.11
1065  -3303.26
1066  -3303.11
1067  -3303.26
1068  -3303.11
1069  -3303.26
1070  -3303.24
1071  -3303.26
1072  -3303.11
1073  -3303.26
1074  -3303.11
1075  -3303.26
1076  -3303.24
1077  -3303.26
1078  -3303.11
1079  -3303.26
1080  -3303.11
1081  -3303.24
1082  -3303.26
1083  -3303.11
1084  -3303.26
1085  -3303.11
1086  -3303.26
1087  -3303.11
1088  -3303.26
1089  -3303.11
1090  -3303.26
1091  -3303.11
1092  -3303.26
1093  -3303.11
1094  -3303.26
1095  -3303.11
1096  -3303.26
1097  -3303.11
1098  -3303.26
1099  -3303.11
1100  -3303.26
1101  -3303.11
1102  -3303.26
1103  -3303.11
1104  -3303.26
1105  -3303.26
1106  -3303.11
1107  -3303.26
1108  -3303.11
1109  -3303.26
1110  -3303.11
1111  -3303.26
1112  -3303.11
1113  -3303.26
1114  -3303.11
1115  -3303.26
1116  -3303.11
1117  -3303.26
1118  -3303.11
1119  -3303.26
1120  -3303.24
1121  -3303.05
1122  -3302.7
1123  -3303.05
1124  -3303.24
1125  -3303.26
1126  -3303.11
1127  -3303.26
1128  -3303.11
1129  -3303.26
1130  -3303.11
1131  -3303.26
1132  -3303.11
1133  -3303.26
1134  -3303.11
1135  -3303.26
1136  -3303.11
1137  -3303.26
1138  -3303.11
1139  -3303.26
1140  -3303.11
1141  -3303.26
1142  -3303.24
1143  -3303.26
1144  -3303.11
1145  -3303.26
1146  -3303.11
1147  -3303.26
1148  -3303.11
1149  -3303.26
1150  -3303.11
1151  -3303.26
1152  -3303.11
1153  -3303.26
1154  -3303.11
1155  -3303.26
1156  -3303.11
1157  -3303.26
1158  -3303.11
1159  -3303.26
1160  -3303.11
1161  -3303.26
1162  -3303.11
1163  -3303.26
1164  -3303.11
1165  -3303.26
1166  -3303.24
1167  -3303.26
1168  -3303.11
1169  -3303.26
1170  -3303.11
1171  -3303.26
1172  -3303.11
1173  -3303.26
1174  -3303.11
1175  -3303.26
1176  -3303.11
1177  -3303.26
1178  -3303.11
1179  -3303.26
1180  -3303.11
1181  -3303.26
1182  -3303.11
1183  -3303.26
1184  -3303.11
1185  -3303.26
1186  -3303.24
1187  -3303.26
1188  -3303.11
1189  -3303.26
1190  -3303.24
1191  -3303.05
1192  -3303.24
1193  -3303.26
1194  -3303.26
1195  -3303.11
1196  -3303.26
1197  -3303.11
1198  -3303.26
1199  -3303.24
1200  -3303.05
1201  -3303.24
1202  -3303.26
1203  -3303.11
1204  -3303.26
1205  -3303.11
1206  -3303.26
1207  -3303.11
1208  -3301.64
1209  -3301.39
1210  -3301.64
1211  -3301.39
1212  -3301.64
1213  -3301.39
1214  -3301.64
1215  -3301.39
1216  -3301.64
1217  -3301.71
1218  -3301.61
1219  -3301.35
1220  -3301.61
1221  -3301.71
1222  -3301.64
1223  -3301.39
1224  -3301.64
1225  -3301.71
1226  -3301.61
1227  -3301.71
1228  -3301.64
1229  -3301.39
1230  -3301.64
1231  -3301.39
1232  -3301.64
1233  -3301.39
1234  -3301.64
1235  -3301.39
1236  -3301.64
1237  -3301.39
1238  -3301.64
1239  -3301.39
1240  -3301.64
1241  -3301.39
1242  -3301.64
1243  -3301.39
1244  -3301.64
1245  -3301.39
1246  -3301.64
1247  -3301.39
1248  -3301.64
1249  -3301.39
1250  -3301.64
1251  -3301.39
1252  -3301.64
1253  -3301.39
1254  -3301.64
1255  -3301.39
1256  -3301.64
1257  -3301.71
1258  -3301.64
1259  -3301.39
1260  -3301.64
1261  -3301.39
1262  -3301.64
1263  -3301.39
1264  -3301.64
1265  -3301.39
1266  -3301.64
1267  -3301.71
1268  -3301.64
1269  -3301.39
1270  -3301.64
1271  -3301.39
1272  -3301.64
1273  -3301.39
1274  -3301.64
1275  -3301.39
1276  -3301.64
1277  -3301.39
1278  -3301.64
1279  -3301.71
1280  -3301.39
1281  -3301.64
1282  -3301.39
1283  -3301.64
1284  -3301.71
1285  -3301.64
1286  -3301.39
1287  -3301.64
1288  -3301.39
1289  -3301.64
1290  -3301.71
1291  -3301.64
1292  -3301.39
1293  -3301.64
1294  -3301.39
1295  -3301.64
1296  -3301.39
1297  -3301.64
1298  -3301.39
1299  -3301.64
1300  -3301.39
1301  -3301.64
1302  -3301.39
1303  -3301.64
1304  -3301.39
1305  -3301.64
1306  -3301.39
1307  -3301.64
1308  -3301.39
1309  -3301.64
1310  -3301.71
1311  -3301.64
1312  -3305.9
1313  -3306.06
1314  -3306.04
1315  -3306.06
1316  -3304.19
1317  -3304.43
1318  -3304.19
1319  -3304.43
1320  -3304.51
1321  -3304.19
1322  -3304.43
1323  -3304.19
1324  -3304.43
1325  -3304.19
1326  -3304.43
1327  -3304.51
1328  -3304.43
1329  -3304.19
1330  -3304.43
1331  -3304.19
1332  -3304.19
1333  -3304.43
1334  -3304.19
1335  -3304.43
1336  -3304.19
1337  -3304.43
1338  -3304.19
1339  -3304.43
1340  -3304.51
1341  -3304.43
1342  -3304.19
1343  -3304.43
1344  -3304.19
1345  -3304.19
1346  -3304.43
1347  -3304.19
1348  -3304.43
1349  -3304.19
1350  -3304.43
1351  -3304.51
1352  -3304.43
1353  -3304.19
1354  -3304.43
1355  -3304.19
1356  -3304.43
1357  -3304.19
1358  -3304.43
1359  -3304.19
1360  -3304.43
1361  -3304.19
1362  -3304.43
1363  -3304.19
1364  -3304.43
1365  -3304.19
1366  -3304.43
1367  -3304.19
1368  -3304.43
1369  -3304.51
1370  -3304.43
1371  -3304.19
1372  -3304.43
1373  -3304.19
1374  -3304.43
1375  -3304.19
1376  -3304.43
1377  -3304.19
1378  -3304.43
1379  -3304.19
1380  -3304.43
1381  -3304.19
1382  -3304.43
1383  -3304.19
1384  -3304.43
1385  -3304.19
1386  -3304.43
1387  -3304.19
1388  -3304.43
1389  -3304.19
1390  -3304.43
1391  -3304.19
1392  -3304.43
1393  -3304.19
1394  -3304.43
1395  -3304.19
1396  -3304.43
1397  -3304.19
1398  -3304.43
1399  -3304.19
1400  -3304.43
1401  -3304.19
1402  -3304.43
1403  -3304.51
1404  -3304.41
1405  -3304.15
1406  -3304.41
1407  -3304.51
1408  -3304.43
1409  -3304.51
1410  -3304.43
1411  -3304.19
1412  -3304.43
1413  -3304.19
1414  -3304.43
1415  -3304.19
1416  -3304.43
1417  -3304.19
1418  -3304.43
1419  -3304.19
1420  -3304.43
1421  -3304.51
1422  -3304.41
1423  -3304.15
1424  -3303.72
1425  -3303.15
1426  -3302.44
1427  -3301.63
1428  -3300.73
1429  -3301.63
1430  -3302.44
1431  -3303.15
1432  -3303.72
1433  -3304.41
1434  -3304.51
1435  -3304.43
1436  -3304.19
1437  -3304.43
1438  -3304.19
1439  -3304.43
1440  -3304.19
1441  -3304.43
1442  -3304.19
1443  -3304.43
1444  -3304.19
1445  -3304.43
1446  -3304.19
1447  -3304.43
1448  -3304.19
1449  -3304.43
1450  -3304.19
1451  -3304.43
1452  -3304.19
1453  -3304.43
1454  -3304.19
1455  -3304.43
1456  -3304.19
1457  -3304.43
1458  -3304.19
1459  -3304.43
1460  -3304.19
1461  -3304.43
1462  -3304.19
1463  -3304.43
1464  -3304.19
1465  -3304.43
1466  -3304.19
1467  -3304.43
1468  -3304.19
1469  -3304.43
1470  -3304.19
1471  -3304.43
1472  -3304.19
1473  -3304.43
1474  -3304.19
1475  -3304.43
1476  -3304.19
1477  -3304.43
1478  -3304.19
1479  -3304.43
1480  -3304.19
1481  -3304.43
1482  -3304.19
1483  -3304.43
1484  -3304.19
1485  -3304.43
1486  -3304.19
1487  -3304.43
1488  -3304.19
1489  -3304.43
1490  -3304.19
1491  -3304.43
1492  -3304.19
1493  -3304.43
1494  -3304.51
1495  -3304.41
1496  -3304.15
1497  -3303.72
1498  -3304.15
1499  -3304.41
1500  -3304.51
1501  -3304.43
1502  -3308.84
1503  -3308.65
1504  -3308.29
1505  -3308.65
1506  -3308.84
1507  -3308.85
1508  -3308.7
1509  -3308.85
1510  -3308.7
1511  -3308.85
1512  -3308.84
1513  -3308.85
1514  -3307.83
1515  -3308.15
1516  -3307.83
1517  -3308.15
1518  -3307.83
1519  -3308.15
1520  -3307.83
1521  -3308.15
1522  -3307.83
1523  -3308.15
1524  -3307.83
1525  -3308.15
1526  -3307.83
1527  -3308.15
1528  -3307.83
1529  -3308.15
1530  -3307.83
1531  -3308.15
1532  -3307.83
1533  -3308.15
1534  -3307.83
1535  -3308.15
1536  -3307.83
1537  -3308.15
1538  -3307.83
1539  -3308.15
1540  -3307.83
1541  -3308.15
1542  -3307.83
1543  -3308.15
1544  -3307.83
1545  -3308.15
1546  -3307.83
1547  -3308.15
1548  -3307.83
1549  -3308.15
1550  -3307.83
1551  -3308.15
1552  -3307.83
1553  -3308.15
1554  -3308.3
1555  -3308.28
1556  -3308.3
1557  -3308.28
1558  -3308.3
1559  -3308.15
1560  -3307.83
1561  -3308.15
1562  -3307.83
1563  -3308.15
1564  -3307.83
1565  -3308.15
1566  -3308.3
1567  -3308.15
1568  -3307.83
1569  -3308.15
1570  -3307.83
1571  -3308.15
1572  -3307.83
1573  -3308.15
1574  -3307.83
1575  -3308.15
1576  -3308.3
1577  -3308.15
1578  -3307.83
1579  -3308.15
1580  -3307.83
1581  -3308.15
1582  -3307.83
1583  -3308.15
1584  -3307.83
1585  -3308.15
1586  -3308.3
1587  -3308.28
1588  -3308.3
1589  -3308.28
1590  -3308.09
1591  -3308.28
1592  -3308.3
1593  -3308.15
1594  -3307.83
1595  -3308.15
1596  -3308.3
1597  -3308.15
1598  -3307.83
1599  -3308.15
1600  -3307.83
1601  -3308.15
1602  -3307.83
1603  -3308.15
1604  -3308.3
1605  -3308.28
1606  -3308.3
1607  -3308.15
1608  -3307.83
1609  -3308.15
1610  -3307.83
1611  -3308.15
1612  -3307.83
1613  -3308.15
1614  -3308.3
1615  -3308.28
1616  -3308.3
1617  -3308.28
1618  -3308.09
1619  -3307.74
1620  -3307.23
1621  -3306.59
1622  -3307.23
1623  -3307.74
1624  -3308.09
1625  -3308.28
1626  -3308.3
1627  -3308.28
1628  -3308.3
1629  -3308.15
1630  -3307.83
1631  -3307.83
1632  -3308.15
1633  -3307.83
1634  -3308.15
1635  -3307.83
1636  -3308.15
1637  -3307.83
1638  -3308.15
1639  -3307.83
1640  -3308.15
1641  -3307.83
1642  -3308.15
1643  -3307.83
1644  -3308.15
1645  -3308.3
1646  -3308.28
1647  -3308.3
1648  -3308.15
1649  -3307.83
1650  -3308.15
1651  -3307.83
1652  -3308.15
1653  -3307.83
1654  -3308.15
1655  -3307.83
1656  -3308.15
1657  -3307.83
1658  -3308.15
1659  -3307.83
1660  -3308.15
1661  -3307.83
1662  -3308.15
1663  -3305.82
1664  -3306.23
1665  -3306.47
1666  -3306.23
1667  -3305.82
1668  -3306.23
1669  -3310.62
1670  -3310.94
1671  -3310.62
1672  -3310.94
1673  -3310.62
1674  -3310.94
1675  -3311.1
1676  -3310.94
1677  -3311.1
1678  -3311.08
1679  -3311.1
1680  -3310.94
1681  -3310.62
1682  -3310.94
1683  -3310.62
1684  -3310.94
1685  -3310.62
1686  -3310.94
1687  -3310.62
1688  -3310.94
1689  -3311.1
1690  -3311.08
1691  -3311.1
1692  -3310.94
1693  -3310.62
1694  -3310.94
1695  -3310.62
1696  -3310.94
1697  -3310.62
1698  -3310.94
1699  -3310.62
1700  -3310.94
1701  -3310.62
1702  -3310.94
1703  -3311.1
1704  -3310.94
1705  -3310.62
1706  -3310.94
1707  -3311.1
1708  -3310.94
1709  -3311.1
1710  -3310.94
1711  -3310.62
1712  -3310.94
1713  -3310.62
1714  -3310.94
1715  -3310.62
1716  -3310.94
1717  -3311.1
1718  -3311.44
1719  -3311.63
1720  -3311.65
1721  -3310.62
1722  -3310.94
1723  -3310.62
1724  -3310.94
1725  -3310.62
1726  -3310.94
1727  -3310.62
1728  -3310.94
1729  -3311.1
1730  -3310.94
1731  -3310.62
1732  -3310.94
1733  -3310.62
1734  -3310.94
1735  -3310.62
1736  -3310.94
1737  -3310.62
1738  -3310.94
1739  -3310.62
1740  -3310.94
1741  -3310.62
1742  -3311.65
1743  -3311.5
1744  -3310.94
1745  -3310.62
1746  -3310.94
1747  -3310.62
1748  -3310.94
1749  -3310.62
1750  -3310.94
1751  -3311.1
1752  -3310.94
1753  -3310.62
1754  -3310.94
1755  -3310.62
1756  -3310.94
1757  -3314.86
1758  -3315.09
1759  -3314.86
1760  -3315.09
1761  -3314.86
1762  -3315.09
1763  -3314.86
1764  -3315.09
1765  -3314.86
1766  -3315.09
1767  -3314.86
1768  -3315.09
1769  -3314.86
1770  -3315.09
1771  -3314.86
1772  -3315.09
1773  -3314.86
1774  -3315.09
1775  -3314.86
1776  -3315.09
1777  -3314.86
1778  -3315.09
1779  -3314.86
1780  -3315.09
1781  -3314.86
1782  -3315.09
1783  -3314.86
1784  -3315.09
1785  -3314.86
1786  -3315.09
1787  -3314.86
1788  -3315.09
1789  -3315.16
1790  -3315.09
1791  -3315.16
1792  -3315.05
1793  -3315.16
1794  -3315.09
1795  -3314.86
1796  -3315.09
1797  -3314.86
1798  -3315.09
1799  -3314.86
1800  -3315.09
1801  -3314.86
1802  -3315.09
1803  -3314.86
1804  -3315.09
1805  -3314.86
1806  -3315.09
1807  -3314.86
1808  -3315.09
1809  -3314.86
1810  -3315.5
1811  -3315.39
1812  -3315.5
1813  -3315.44
1814  -3315.5
1815  -3315.39
1816  -3315.11
1817  -3314.67
1818  -3314.09
1819  -3314.67
1820  -3315.11
1821  -3315.39
1822  -3315.5
1823  -3315.39
1824  -3315.5
1825  -3315.44
1826  -3315.5
1827  -3315.44
1828  -3315.5
1829  -3315.44
1830  -3315.5
1831  -3315.44
1832  -3315.5
1833  -3315.44
1834  -3315.5
1835  -3318.78
1836  -3318.75
1837  -3318.78
1838  -3318.75
1839  -3318.78
1840  -3318.75
1841  -3318.78
1842  -3318.75
1843  -3318.78
1844  -3318.75
1845  -3318.78
1846  -3318.75
1847  -3318.55
1848  -3318.75
1849  -3318.78
1850  -3318.75
1851  -3318.78
1852  -3318.75
1853  -3318.51
1854  -3318.65
1855  -3318.62
1856  -3318.65
1857  -3318.51
1858  -3318.65
1859  -3318.51
1860  -3318.65
1861  -3318.51
1862  -3318.65
1863  -3318.51
1864  -3318.65
1865  -3318.65
1866  -3318.51
1867  -3318.65
1868  -3318.51
1869  -3318.65
1870  -3318.62
1871  -3318.65
1872  -3318.51
1873  -3318.65
1874  -3318.51
1875  -3318.51
1876  -3318.65
1877  -3318.51
1878  -3318.65
1879  -3318.51
1880  -3318.65
1881  -3318.51
1882  -3318.65
1883  -3318.51
1884  -3318.65
1885  -3318.51
1886  -3318.65
1887  -3318.51
1888  -3318.65
1889  -3318.62
1890  -3318.65
1891  -3318.51
1892  -3318.65
1893  -3318.51
1894  -3318.65
1895  -3318.62
1896  -3318.42
1897  -3318.62
1898  -3318.65
1899  -3318.51
1900  -3318.65
1901  -3318.51
1902  -3318.65
1903  -3318.51
1904  -3318.65
1905  -3318.51
1906  -3318.65
1907  -3318.62
1908  -3318.65
1909  -3318.55
1910  -3318.75
1911  -3318.55
1912  -3318.75
1913  -3318.75
1914  -3318.78
1915  -3318.75
1916  -3318.78
1917  -3318.75
1918  -3318.78
1919  -3318.75
1920  -3318.55
1921  -3318.75
1922  -3318.55
1923  -3318.18
1924  -3318.55
1925  -3318.75
1926  -3318.78
1927  -3318.75
1928  -3318.78
1929  -3318.75
1930  -3318.78
1931  -3318.75
1932  -3318.78
1933  -3318.75
1934  -3318.78
1935  -3318.75
1936  -3318.78
1937  -3318.55
1938  -3318.75
1939  -3318.78
1940  -3318.75
1941  -3318.78
1942  -3318.75
1943  -3316.3
1944  -3316.36
1945  -3316.3
1946  -3316.36
1947  -3316.25
1948  -3316.36
1949  -3316.25
1950  -3316.36
1951  -3316.3
1952  -3316.36
1953  -3316.3
1954  -3316.36
1955  -3316.3
1956  -3316.36
1957  -3316.3
1958  -3316.36
1959  -3316.3
1960  -3316.36
1961  -3316.3
1962  -3316.36
1963  -3316.3
1964  -3316.36
1965  -3316.3
1966  -3316.36
1967  -3316.3
1968  -3316.36
1969  -3316.3
1970  -3316.36
1971  -3316.3
1972  -3316.36
1973  -3316.3
1974  -3316.36
1975  -3316.3
1976  -3316.36
1977  -3316.3
1978  -3316.36
1979  -3316.3
1980  -3316.36
1981  -3316.25
1982  -3316.36
1983  -3316.3
1984  -3316.36
1985  -3316.25
1986  -3316.36
1987  -3316.3
1988  -3316.36
1989  -3316.3
1990  -3316.36
1991  -3316.25
1992  -3316.36
1993  -3316.3
1994  -3316.36
1995  -3316.3
1996  -3316.36
1997  -3316.3
1998  -3316.36
1999  -3316.3
2000  -3316.36
2001  -3316.3
2002  -3316.36
2003  -3316.3
2004  -3316.36
2005  -3316.3
2006  -3316.36
2007  -3316.3
2008  -3316.36
2009  -3316.3
2010  -3316.36
2011  -3316.3
2012  -3316.36
2013  -3316.3
2014  -3316.36
2015  -3316.25
2016  -3315.97
2017  -3315.54
2018  -3314.95
2019  -3314.24
2020  -3314.95
2021  -3314.24
2022  -3314.95
2023  -3315.54
2024  -3314.95
2025  -3315.54
2026  -3315.97
2027  -3316.25
2028  -3316.25
2029  -3316.36
2030  -3316.3
2031  -3316.36
2032  -3316.3
2033  -3316.36
2034  -3316.3
2035  -3316.36
2036  -3316.25
2037  -3316.36
2038  -3316.3
2039  -3316.36
2040  -3316.3
2041  -3316.36
2042  -3316.25
2043  -3315.97
2044  -3315.54
2045  -3315.97
2046  -3315.54
2047  -3315.97
2048  -3315.54
2049  -3314.95
2050  -3315.54
2051  -3315.97
2052  -3315.54
2053  -3315.97
2054  -3316.25
2055  -3316.36
2056  -3316.3
2057  -3316.36
2058  -3316.3
2059  -3316.36
2060  -3316.3
2061  -3316.36
2062  -3316.3
2063  -3316.36
2064  -3316.3
2065  -3316.36
2066  -3316.3
2067  -3316.36
2068  -3316.25
2069  -3316.36
2070  -3316.3
2071  -3316.36
2072  -3316.3
2073  -3316.36
2074  -3316.3
2075  -3316.36
2076  -3316.3
2077  -3316.36
2078  -3316.3
2079  -3316.36
2080  -3316.3
2081  -3316.36
2082  -3316.3
2083  -3316.36
2084  -3316.3
2085  -3316.36
2086  -3316.25
2087  -3316.36
2088  -3316.3
2089  -3316.36
2090  -3316.25
2091  -3316.36
2092  -3316.3
2093  -3316.36
2094  -3316.3
