1  -12.3909
2  -11.4277
3  -7.2357
4  -2.2465
5  3.28602
6  2.4588
7  0.141954
8  -3.73086
9  -9.05503
10  -9.62605
11  -10.0358
12  -10.2718
13  -10.327
14  -8.41792
15  -14.9347
16  -22.0672
17  -10.8454
18  -13.8531
19  -2.76125
20  -1.17205
21  -7.68886
22  -14.8213
23  -3.59949
24  -6.60727
25  4.48461
26  6.07381
27  -0.442992
28  -7.57546
29  3.64637
30  0.638597
31  11.7305
32  13.3197
33  6.80287
34  -0.329593
35  10.8922
36  7.88446
37  18.9763
38  20.5655
39  14.0487
40  6.91627
41  18.1381
42  15.1303
43  26.2222
44  27.8114
45  21.2946
46  14.1621
47  25.384
48  22.3762
49  33.4681
50  35.0573
51  28.5405
52  21.408
53  32.6298
54  29.6221
55  40.7139
56  42.4404
57  35.93
58  28.8035
59  40.0156
60  37.0103
61  48.0916
62  49.6862
63  43.1759
64  36.0494
65  47.2614
66  44.2562
67  55.3375
68  56.9321
69  50.4217
70  43.2953
71  54.5073
72  51.5021
73  62.5833
74  64.178
75  57.6676
76  50.5411
77  61.7531
78  58.7479
79  69.8292
80  71.4238
81  64.9135
82  57.787
83  68.999
84  65.9938
85  77.0751
86  78.6697
87  72.1593
88  65.0329
89  76.2449
90  73.2397
91  84.3209
92  85.9156
93  79.4052
94  72.2787
95  83.4907
96  80.4855
97  91.5668
98  93.1614
99  86.651
100  79.5246
101  90.7366
102  87.7314
103  98.8127
104  100.407
105  93.8969
106  86.7705
107  97.9825
108  94.9773
109  106.059
110  107.653
111  101.143
112  94.0163
113  105.228
114  102.223
115  113.304
116  114.899
117  108.389
118  101.262
119  112.474
120  109.469
121  120.55
122  122.145
123  115.635
124  108.508
125  119.72
126  116.715
127  127.796
128  129.391
129  122.88
130  115.754
131  126.966
132  123.961
133  135.042
134  136.637
135  130.126
136  123
137  134.212
138  131.207
139  142.288
140  143.882
141  137.372
142  130.246
143  141.458
144  138.452
145  149.534
146  151.128
147  144.618
148  137.492
149  148.704
150  145.698
151  156.78
152  158.374
153  151.864
154  144.737
155  155.949
156  152.944
157  164.025
158  165.62
159  159.11
160  151.983
161  163.195
162  160.19
163  171.271
164  172.866
165  166.356
166  159.229
167  170.441
168  167.436
169  178.517
170  180.112
171  173.601
172  166.475
173  177.687
174  174.682
175  185.763
176  187.358
177  180.847
178  173.721
179  184.933
180  181.928
181  193.009
182  194.604
183  188.093
184  180.967
185  192.179
186  189.174
187  200.255
188  201.849
189  195.339
190  188.213
191  199.425
192  196.419
193  207.501
194  209.095
195  202.585
196  195.458
197  225.803
198  226.526
199  220.308
200  213.412
201  225.276
202  223.413
203  213.95
204  225.229
205  217.663
206  208.056
207  220.03
208  212.85
209  224.727
210  222.313
211  211.696
212  223.035
213  213.176
214  224.476
215  216.124
216  204.934
217  238.159
218  241.244
219  243.612
220  246.259
221  240.041
222  233.145
223  245.009
224  243.146
225  233.683
226  244.962
227  237.396
228  227.789
229  239.763
230  232.583
231  244.46
232  242.045
233  231.429
234  242.768
235  232.909
236  244.209
237  235.857
238  224.667
239  236.696
240  226.369
241  238.369
242  229.762
243  241.698
244  236.491
245  248.277
246  248.926
247  242.708
248  235.811
249  247.676
250  245.813
251  236.35
252  247.629
253  240.063
254  230.456
255  242.43
256  235.25
257  247.127
258  244.712
259  245.435
260  235.576
261  246.876
262  238.524
263  227.334
264  239.363
265  229.036
266  241.036
267  232.429
268  244.365
269  239.158
270  250.943
271  251.593
