1  -12.3909
2  -11.4277
3  -7.2357
4  -2.2465
5  3.28602
6  7.71767
7  2.71011
8  -3.0583
9  9.34045
10  10.3898
11  5.38229
12  -0.386128
13  12.0126
14  13.062
15  8.05446
16  2.28604
17  14.6848
18  15.7342
19  10.7266
20  4.95822
21  17.357
22  18.4064
23  13.3988
24  7.63039
25  20.0291
26  21.0785
27  16.071
28  10.3026
29  22.7013
30  23.7507
31  18.7431
32  12.9747
33  25.3735
34  26.4229
35  21.4153
36  15.6469
37  28.0457
38  29.095
39  24.0875
40  18.3191
41  30.7178
42  31.7672
43  26.7597
44  20.9913
45  33.39
46  34.4394
47  29.4318
48  23.6634
49  36.0622
50  37.1116
51  32.104
52  26.3356
53  38.7344
54  39.7837
55  34.7762
56  29.0078
57  41.4065
58  42.4559
59  37.4484
60  31.6799
61  44.0787
62  45.1281
63  40.1205
64  34.3521
65  46.7509
66  47.8003
67  42.7927
68  37.0243
69  49.423
70  50.4724
71  45.4649
72  39.6965
73  52.0952
74  53.1446
75  48.137
76  42.3686
77  54.7674
78  55.8168
79  50.8092
80  45.0408
81  57.4396
82  58.4889
83  53.4814
84  47.713
85  60.1117
86  61.1611
87  56.1536
88  50.3851
89  62.7839
90  63.8333
91  58.8257
92  53.0573
93  65.4561
94  66.5055
95  61.4979
96  55.7295
97  68.1282
98  69.1776
99  64.1701
100  58.4017
101  70.8004
102  71.8498
103  66.8423
104  61.0738
105  73.4726
106  74.522
107  69.5144
108  63.746
109  76.1448
110  77.1941
111  72.1866
112  66.4182
113  78.8169
114  79.8663
115  74.8588
116  69.0904
117  81.4891
118  82.5385
119  77.5309
120  71.7625
121  84.1613
122  85.2107
123  80.2031
124  74.4347
125  86.8335
126  87.8828
127  82.8753
128  77.1069
129  89.5056
130  90.555
131  85.5475
132  79.779
133  92.1778
134  93.2272
135  88.2196
136  82.4512
