------------------Joints-------------------
10
211 234.427
209 139.427
150.413 206.175
141.195 153.896
274.906 211.167
284.632 156.009
137.993 89.7073
130.145 0
280.713 98.0233
273.031 10.2168
------------------Lines(poit_num1 point_num2)-------------------
9
0 1
0 2
0 4
1 6
1 8
2 3
4 5
6 7
8 9
------------------Movable lines (line_num turn_point_num)-------------------
8
1 0
2 0
3 1
4 1
5 2
6 4
7 6
8 8
------------------Unit fall angle-------------------
0.174533
------------------Unit turn angle-------------------
0.174533
------------------Turn intervals (min_angle max_angle)-------------------
9
0 0
2.35619 4.62512
4.71239 6.98132
2.35619 4.62512
4.71239 6.98132
3.14159 6.28319
3.14159 6.28319
3.92699 5.49779
3.92699 5.49779
------------------Initial states (state_num state_count)-------------------
9
-1 1
7 14
7 14
8 14
6 14
8 19
10 19
4 10
4 10
------------------Dependent lines (line_count list_of_lines)-------------------
9
0 
1 5 
1 6 
1 7 
1 8 
0 
0 
0 
0 
