1  2.06264
2  -1.07212
3  11.4066
4  9.68041
5  9.84773
6  6.32423
7  5.71795
8  7.62881
9  5.71795
10  5.59423
11  10.7211
12  12.0701
13  -0.297117
14  26.9497
15  33.5217
16  43.7425
17  16.1094
18  25.725
19  23.875
20  24.3087
21  9.58174
22  24.8005
23  31.8414
24  45.8451
25  63.5607
26  47.2154
27  32.965
28  35.0811
29  35.8678
30  33.9691
31  41.4077
32  39.9712
33  40.4986
34  40.4986
35  39.5754
36  38.3178
37  49.4485
38  52.14
39  49.4485
40  49.7114
41  47.7046
42  50.3887
43  49.7826
44  37.3046
45  64.4005
46  69.7264
47  69.7264
48  96.2247
49  109.873
50  125.554
51  127.181
52  132.082
53  132.525
54  132.279
55  157.576
56  142.589
57  129.161
58  129.618
59  132.141
60  108.352
61  117.813
62  115.702
63  101.168
64  126.825
65  141.514
66  138.725
67  124.274
68  102.338
69  112.026
70  120.838
71  106.976
72  98.913
73  94.6701
74  74.7663
75  76.9758
76  70.3625
77  75.7992
78  58.5982
79  66.276
80  64.0209
81  75.3242
82  71.8444
83  64.4375
84  52.5032
85  65.7993
86  81.1111
87  83.6394
88  94.0888
89  94.1648
90  92.1611
91  94.1648
92  72.1319
93  75.4483
94  81.2155
95  83.7083
96  77.4191
97  77.4191
98  73.91
99  90.4901
100  77.9076
101  90.8852
102  88.9575
103  95.6474
104  105.058
105  106.02
106  107.325
107  90.6046
108  62.8284
109  70.3351
110  83.8034
111  91.5557
112  99.0157
113  112.405
114  127.795
115  145.24
116  147.532
117  147.332
118  146.753
119  149.616
120  148.982
121  148.837
122  146.753
123  161.12
