1  -0.525727
2  -18.4112
3  -40.0842
4  -41.2554
5  -11.1326
6  -12.3038
7  17.819
8  16.6479
9  46.7706
10  45.5995
11  75.7223
12  74.5511
13  104.674
14  103.503
15  133.626
16  132.454
17  162.577
18  161.406
19  191.529
20  190.358
21  220.48
22  219.309
23  249.432
24  248.261
25  278.384
26  277.212
27  307.335
28  306.164
29  336.287
30  335.116
31  365.239
32  364.067
33  394.19
34  393.019
35  423.142
36  421.971
37  452.093
38  450.922
39  481.045
40  479.874
41  509.997
42  508.825
43  538.948
44  537.777
45  567.9
46  566.729
47  596.852
48  595.68
49  625.803
50  624.632
51  654.755
52  653.584
53  683.706
54  682.535
55  712.658
56  711.487
57  741.61
58  740.438
59  770.561
60  769.39
61  799.513
62  798.342
63  828.465
64  827.293
65  857.416
66  856.245
67  886.368
68  885.197
69  915.319
70  914.148
71  944.271
72  943.1
73  973.223
74  972.052
75  1002.17
76  1001
77  1031.13
78  1029.95
79  1060.08
80  1058.91
81  1089.03
82  1087.86
83  1117.98
84  1116.81
85  1146.93
