------------------Joints-------------------
19
207 101.918
207 211.922
305.653 170.995
295.772 27.4292
179.691 0
90.7051 81.4118
114.523 166.671
228.017 213.731
182.992 211.141
313.465 148.083
294.565 187.64
310.186 52.1927
272.542 13.8142
212.706 4.90004
151.743 17.0847
110.618 58.1634
103.657 82.9131
136.197 180.096
108.511 139.878
------------------Lines(poit_num1 point_num2)-------------------
18
0 1
0 2
0 3
0 4
0 5
0 6
1 7
1 8
2 9
2 10
3 11
3 12
4 13
4 14
5 15
5 16
6 17
6 18
------------------Movable lines (line_num turn_point_num)-------------------
6
0 0
1 0
2 0
3 0
4 0
5 0
------------------Unit fall angle-------------------
0.0349066
------------------Unit turn angle-------------------
0.0872665
------------------Turn intervals (min_angle max_angle)-------------------
18
1.309 1.8326
0.349066 0.872665
5.32325 5.84685
4.18879 4.71239
3.05433 3.57792
2.26893 2.79253
0 0
0 0
0 0
0 0
0 0
0 0
0 0
0 0
0 0
0 0
0 0
0 0
------------------Initial states (state_num state_count)-------------------
18
3 7
3 7
3 7
3 7
3 7
3 7
-1 1
-1 1
-1 1
-1 1
-1 1
-1 1
-1 1
-1 1
-1 1
-1 1
-1 1
-1 1
------------------Dependent lines (line_count list_of_lines)-------------------
18
2 6 7 
2 8 9 
2 10 11 
2 12 13 
2 14 15 
2 16 17 
0 
0 
0 
0 
0 
0 
0 
0 
0 
0 
0 
0 
------------------Head points-------------------
0
