------------------Joints-------------------
11
176 174.755
257 175.755
216 118.755
124.27 85.3682
306.341 66.5966
88.0213 22.5828
343.694 1.89925
56.0748 24.6858
118.682 17.5908
318.746 0
370.749 0.872433
------------------Lines(poit_num1 point_num2)-------------------
11
0 1
0 2
1 2
2 3
2 4
3 5
4 6
5 7
5 8
6 9
6 10
------------------Movable lines (line_num turn_point_num)-------------------
4
3 2
4 2
5 3
6 4
------------------Unit fall angle-------------------
0.0872665
------------------Unit turn angle-------------------
0.174533
------------------Turn intervals (min_angle max_angle)-------------------
11
0 0
0 0
0 0
3.14159 4.71239
4.71239 6.28319
3.49066 5.93412
3.49066 5.93412
0 0
0 0
0 0
0 0
------------------Initial states (state_num state_count)-------------------
11
-1 1
-1 1
-1 1
2 10
6 10
4 15
10 15
-1 1
-1 1
-1 1
-1 1
------------------Dependent lines (line_count list_of_lines)-------------------
11
0 
0 
0 
3 5 7 8 
3 6 9 10 
2 7 8 
2 9 10 
0 
0 
0 
0 
------------------Head points-------------------
0
