------------------Joints-------------------
16
168 200.997
248 200.997
163 143.997
244 138.997
190 200.997
229 200.997
193 235.997
230 236.997
106.604 87.6009
281.232 74.5084
112.696 17.9741
274.714 0
104.261 171.275
91.7387 124.54
294.634 161.866
306.258 118.485
------------------Lines(poit_num1 point_num2)-------------------
19
0 2
0 3
0 4
0 12
1 2
1 3
1 5
1 14
2 3
2 8
3 9
4 5
4 6
5 7
6 7
8 10
9 11
12 13
14 15
------------------Movable lines (line_num turn_point_num)-------------------
8
3 0
7 1
9 2
10 3
15 8
16 9
17 12
18 14
------------------Unit fall angle-------------------
0.0872665
------------------Unit turn angle-------------------
0.174533
------------------Turn intervals (min_angle max_angle)-------------------
19
0 0
0 0
0 0
2.35619 4.62512
0 0
0 0
0 0
4.71239 6.98132
0 0
2.35619 4.62512
4.71239 6.98132
0 0
0 0
0 0
0 0
3.92699 5.49779
3.92699 5.49779
3.92699 5.49779
3.92699 5.49779
------------------Initial states (state_num state_count)-------------------
19
-1 1
-1 1
-1 1
7 14
-1 1
-1 1
-1 1
5 14
-1 1
9 14
3 14
-1 1
-1 1
-1 1
-1 1
5 10
4 10
3 10
6 10
------------------Dependent lines (line_count list_of_lines)-------------------
19
0 
0 
0 
1 17 
0 
0 
0 
1 18 
0 
1 15 
1 16 
0 
0 
0 
0 
0 
0 
0 
0 
