1  5.38551
2  -2.86532
3  5.8008
4  20.2815
5  1.77641
6  11.3791
7  -5.53004
8  -33.3002
9  -34.1366
10  -55.4393
11  -63.7058
12  -71.4002
13  -74.3525
14  -76.562
15  -62.3244
16  -64.8799
17  -63.0565
18  -61.5317
19  -54.5024
20  -46.4192
21  -37.2072
22  -26.7304
23  -20.1742
24  -9.82917
25  -3.64394
26  5.80668
27  15.2573
28  30.5283
29  43.8699
30  48.4581
31  60.9242
32  70.3814
33  77.9663
34  84.5583
35  94.9909
36  103.582
37  112.68
38  113.291
39  116.444
40  123.166
41  129.738
42  135.194
43  136.984
44  139.126
45  137.875
46  133.69
47  129.016
48  131.872
49  131.872
50  131.872
51  129.016
52  129.016
53  129.016
54  123.358
55  122.912
56  125.693
57  132.807
58  132.838
59  133.189
60  133.205
61  133.017
62  133.094
63  132.059
64  135.227
65  135.227
66  132.059
67  133.172
68  133.249
69  133.327
70  133.404
71  132.369
72  135.537
73  132.369
74  128.667
75  127.406
76  127.28
77  124.58
78  127.924
79  134.698
80  135.427
81  136.157
82  139.766
83  138.751
84  141.313
85  137.833
86  137.833
87  135.003
88  144.657
89  141.777
90  142.506
91  146.116
92  143.235
93  140.535
94  147.309
95  148.038
96  151.648
97  151.648
98  145.338
