1  -11.809
2  -17.3947
3  -23.741
4  -36.3788
5  -48.5485
6  -60.085
7  -70.853
8  -80.7385
9  -66.8183
10  -51.0707
11  -33.4103
12  -37.0297
13  -43.656
14  -47.2754
15  -53.9017
16  -57.5211
17  -64.1474
18  -67.7668
19  -74.3931
20  -78.0125
21  -84.6388
22  -88.2582
23  -94.8845
24  -98.5039
25  -105.13
26  -108.75
27  -115.376
28  -118.995
29  -125.622
30  -129.241
31  -135.867
32  -139.487
33  -146.113
34  -149.732
35  -156.359
36  -159.978
37  -166.604
38  -170.224
39  -176.85
40  -180.47
41  -187.096
42  -190.715
43  -197.342
44  -200.961
45  -207.587
46  -211.207
47  -217.833
48  -221.452
49  -228.079
50  -231.698
51  -238.324
52  -241.944
53  -248.57
54  -252.189
55  -258.816
56  -262.435
57  -269.061
58  -272.681
59  -279.307
60  -282.927
61  -289.553
62  -295.379
63  -301.926
64  -309.026
65  -316.438
66  -323.77
67  -330.323
68  -334.622
69  -335.945
70  -338.209
71  -319.231
72  -303.297
73  -294.573
74  -294.067
75  -289.069
76  -283.556
77  -277.694
78  -271.663
79  -265.645
80  -259.824
