1  -4.64603
2  -4.31668
3  -7.32747
4  -14.7562
5  7.31117
6  26.1617
7  42.0996
8  39.3637
9  34.9367
10  29.3509
11  23.0046
12  42.1175
13  35.0406
14  28.0774
15  50.0518
16  45.5879
17  44.3127
18  34.7698
19  30.3116
20  20.7687
21  16.3106
22  6.7677
23  2.30957
24  -7.23334
25  -11.6915
26  -21.2344
27  -25.6925
28  -35.2354
29  -39.6936
30  -49.2365
31  -53.6946
32  -63.2375
33  -67.6956
34  -77.2385
35  -81.6967
36  -91.2396
37  -95.6977
38  -105.241
39  -109.699
40  -119.242
41  -123.7
42  -133.243
43  -137.701
44  -147.244
45  -151.702
46  -161.245
47  -165.703
48  -175.246
49  -179.704
50  -189.247
51  -193.705
52  -203.248
53  -207.706
54  -217.249
55  -221.707
56  -231.25
57  -235.708
58  -245.251
59  -249.709
60  -259.252
61  -263.71
62  -273.253
63  -277.711
64  -287.254
65  -306.582
66  -305.096
67  -309.633
68  -329.707
69  -302.246
70  -327.129
71  -272.952
72  -280.993
73  -287.744
74  -304.029
75  -281.97
76  -291.105
77  -266.657
78  -267.846
79  -271.517
80  -275.037
81  -283.659
82  -273.783
83  -260.507
84  -265.131
85  -271.806
86  -262.691
87  -254.309
88  -246.79
89  -240.237
90  -236.661
91  -242.702
92  -246.317
93  -258.578
94  -251.825
95  -249.278
96  -258.799
97  -270.064
98  -283.061
99  -291.309
100  -304.306
101  -312.554
102  -325.551
103  -333.8
104  -346.797
105  -355.045
106  -368.042
107  -376.29
108  -389.287
109  -397.536
110  -410.533
111  -418.781
112  -426.144
113  -433.297
114  -427.279
115  -440.276
116  -448.524
117  -461.521
118  -469.769
119  -482.766
120  -491.015
121  -504.012
122  -512.26
123  -525.257
124  -533.505
125  -546.502
126  -554.751
127  -567.748
128  -575.996
129  -588.993
130  -597.241
131  -610.238
132  -618.487
133  -631.484
134  -639.732
135  -652.729
136  -660.977
137  -673.974
138  -682.223
139  -695.22
140  -711.102
141  -722.366
142  -735.363
143  -743.612
144  -756.609
145  -764.857
