1  -19.5708
2  -31.7907
3  -43.7434
4  -55.2152
5  -66.0406
6  -67.6792
7  -75.7315
8  -55.5161
9  -58.9623
10  -63.0644
11  -65.8525
12  -77.3578
13  -63.002
14  -64.6832
15  -67.9705
16  -70.5314
17  -73.8187
18  -76.3797
19  -79.6669
20  -82.2279
21  -85.5152
22  -88.0761
23  -91.3634
24  -93.9244
25  -97.2116
26  -99.7726
27  -103.06
28  -105.621
29  -108.908
30  -111.469
31  -114.756
32  -117.317
33  -120.605
34  -123.166
35  -126.453
36  -129.014
37  -132.301
38  -134.862
39  -138.149
40  -140.71
41  -143.998
42  -146.558
43  -149.846
44  -152.407
45  -155.694
46  -158.255
47  -164.103
48  -167.39
49  -169.951
50  -173.239
51  -175.8
52  -179.087
53  -181.648
54  -184.935
55  -187.496
56  -190.783
57  -184.298
58  -188.092
59  -185.637
60  -188.719
61  -186.326
62  -189.365
63  -193.159
64  -196.199
65  -199.993
66  -203.032
67  -206.826
68  -209.866
69  -218.912
70  -226.727
71  -229.766
72  -233.56
73  -236.6
74  -240.394
75  -243.433
76  -247.227
77  -244.772
78  -247.854
79  -245.461
80  -248.5
81  -252.294
82  -255.334
83  -263.088
84  -255.181
85  -258.468
86  -261.029
87  -264.317
88  -276.377
89  -267.457
90  -264.442
91  -269.941
92  -273.231
93  -285.166
94  -273.236
95  -268.529
96  -265.217
97  -263.607
98  -262.721
99  -262.559
100  -262.707
101  -261.626
102  -258.785
103  -254.201
104  -256.568
105  -258.772
106  -252.476
107  -254.639
108  -247.003
109  -248.088
110  -250.574
111  -251.658
112  -254.144
113  -255.229
114  -257.714
115  -258.799
116  -261.285
117  -262.369
118  -264.855
119  -265.94
120  -268.426
121  -269.51
122  -271.996
123  -264.009
124  -266.811
125  -268.064
126  -270.867
127  -272.12
128  -277.171
129  -279.387
130  -282.703
131  -284.919
132  -288.234
133  -276.878
134  -279.161
135  -282.776
136  -285.06
137  -288.675
138  -290.958
139  -294.935
140  -298.781
141  -302.758
142  -308.421
143  -315.752
144  -319.747
145  -327.078
146  -336.052
147  -346.63
148  -358.759
149  -372.364
150  -387.327
151  -388.628
152  -403.592
153  -404.893
154  -419.857
155  -421.158
156  -436.122
157  -437.423
158  -452.386
159  -453.688
160  -468.651
161  -469.952
162  -484.916
163  -486.217
164  -501.181
165  -502.482
166  -517.445
167  -518.747
168  -533.71
169  -535.011
170  -540.639
171  -546.874
172  -517.66
173  -532.623
174  -533.925
175  -548.888
176  -550.189
177  -565.153
178  -566.454
179  -581.418
180  -582.719
181  -597.683
182  -613.947
183  -615.249
184  -630.212
185  -631.513
186  -646.477
187  -647.778
188  -662.742
189  -664.043
190  -679.006
191  -680.308
192  -695.271
193  -696.572
194  -711.536
195  -712.837
196  -727.801
197  -729.102
198  -744.066
199  -745.367
200  -760.33
201  -761.631
202  -776.595
203  -777.896
204  -792.86
205  -794.161
206  -809.125
207  -810.426
208  -825.389
209  -826.691
210  -841.654
211  -842.955
212  -857.919
213  -859.22
