----------Weights------------
0.7265847 0.4900181 0.2057289 0.9392220 0.5588965 0.2861488 0.6670501 0.5978329 0.1992633 0.7804808 0.7827030 0.2835394 0.9300822 0.7237159 0.0924198 0.3972720 0.6564455 0.6590185 0.7502964 0.3970090 0.8587306 0.8589740 0.1400020 0.3994568 0.1292772 0.0551314 0.4126117 0.0099153 0.8672457 0.9453792 0.7054311 0.3729508 0.0896150 0.7114230 0.0421214 0.3503520 0.7188595 0.2975590 0.7984222 0.8848951 0.8767286 0.7240255 0.5702049 0.4840201 0.6902925 0.3319184 0.7650596 0.9495641 
0.5895871 0.9019217 0.3305336 0.5674799 0.5255431 0.7948424 0.9803255 0.7216251 0.8324663 0.5295154 0.9263544 0.7771290 0.4138305 0.0938749 0.1304084 0.4113302 0.9637812 0.5149414 0.9293897 0.0692229 0.8710146 0.3693045 0.2178790 0.9298685 0.1063213 0.0459800 0.7283585 0.6632404 0.9011679 0.6781085 0.8280968 0.4702035 1.0297379 0.7953875 0.3255540 0.2176103 0.1889156 0.9647508 0.9677856 0.2044841 0.3277522 0.6187830 0.5855374 0.0956052 0.3937254 0.2774103 0.4929521 0.5181340 
0.7790765 0.8289206 0.3548230 0.8367002 0.1289957 0.6778684 0.8175529 0.6968542 0.0912767 0.5109986 0.4798600 0.3494292 0.7306436 0.6137272 0.3798451 0.3414726 0.0447633 0.3165720 0.5786811 0.4342962 0.7018511 0.7319254 0.3800619 0.5243995 0.5606317 0.0927667 0.9040383 0.7268563 0.1594933 0.8204601 0.8500862 0.1290640 0.9124402 0.4956132 0.8950953 0.5778101 0.0909728 0.2838615 0.2502646 0.7438855 0.0090669 0.2499156 0.7976271 0.2751233 0.2918824 0.8636883 0.6649709 0.3969441 
0.4131596 0.6418480 0.8481096 0.0220323 0.1698240 0.1312956 0.2118021 0.5713089 0.0898432 0.1047649 0.7929325 0.7468821 0.7210606 0.5308084 0.3146488 0.7599215 0.4256345 0.7672660 0.1155394 0.7894581 0.5926729 0.3244423 0.2129843 0.0458083 0.2736430 0.1144838 0.6342391 0.6010009 0.3535957 0.5914121 0.4922884 0.4873659 0.0355680 0.6126921 0.7050106 0.9432351 0.1459735 0.6782104 0.3284744 0.1482470 0.4195957 0.2405908 0.0425710 0.2062618 0.6119198 0.8236505 0.6936155 0.2124783 
0.6043275 0.2552864 0.7862869 0.1551233 0.3793945 0.2157516 0.7404404 0.8304759 0.5540660 0.5281629 0.3069723 0.6423159 0.3803520 0.7108066 0.3251111 -0.0492941 0.2744846 0.6971959 0.9188160 0.7567923 0.2289719 0.0508438 0.3355956 0.5845515 -0.0229619 0.0364848 0.7540118 0.4722464 0.6999670 0.6023939 0.5351967 0.5859730 0.2641284 0.6806603 0.3496012 0.6525316 0.0528879 0.1465373 0.7091564 0.4002966 0.8228644 0.7520541 0.7577861 0.9314351 0.4174206 0.4700049 0.1363689 0.5743701 
0.6291391 0.4455510 0.5727862 0.9686335 0.1180207 0.1553140 0.7902547 0.4169262 0.2036095 0.4203311 0.7083720 0.0742468 0.0451973 0.1874752 0.8279888 0.9823975 0.5944023 0.1546456 0.5992363 0.7301987 0.2780401 0.7703177 0.6493986 0.5851924 0.9030581 0.4782351 0.8413673 0.5931688 0.9993944 0.8755689 0.3381926 0.5716782 0.8625454 0.6195381 0.4242073 0.8471830 0.3298213 0.3596177 0.0733596 0.5459792 0.8385610 0.9672675 0.9625114 0.4190170 0.4546029 0.8710434 0.7806788 0.9151339 
0.2661824 0.0226134 0.2595544 0.7338948 0.9683996 0.2968490 0.1469490 0.7977089 0.7276129 0.7487905 0.7638562 0.5071180 0.1114838 0.7991272 0.7035977 0.8792270 0.8649753 0.8615151 0.7967603 0.7907474 0.2535126 0.9925535 0.2048560 0.5771355 -0.0081344 0.1809684 0.2377765 0.2751891 0.3749685 0.0028047 0.3743979 0.5948504 0.2661068 0.3222097 0.3898242 0.0177801 0.9971318 0.9367377 0.3413336 0.9041819 0.1280278 0.4329977 0.7888776 0.1998790 0.0523322 0.3782931 0.6364090 0.8787547 
0.4251534 0.3874299 0.1243400 0.3846086 0.0313635 0.2238011 0.6422717 0.5758989 0.8739621 0.3452393 0.2728436 0.6601938 0.1209750 0.1224403 0.1284696 0.6420718 0.7002822 0.2761244 0.9185269 0.2710678 0.9818830 0.7169103 0.1024854 0.0151982 0.8408461 0.8117527 0.6300984 0.7651304 0.3744016 0.5882547 0.8009925 0.5637720 0.3687584 0.8632799 1.0154622 0.2605294 0.8048085 0.8966071 0.6623222 0.7503763 0.0694295 0.0875824 0.4344918 0.4841028 0.4437679 0.6737206 0.1416790 0.4286809 
0.9398175 0.0042428 0.5255961 0.7459947 0.8532425 0.1853881 0.5180060 0.0133760 0.4938306 0.5625398 0.4695592 0.0611226 0.7847838 0.7498093 0.5333038 0.0574913 0.9662655 0.2204085 0.3539467 0.8007432 -0.0364448 0.2325205 0.2220490 0.9242836 0.6567444 0.3540829 0.3324013 0.1409875 0.6197169 0.0939010 0.2106775 0.0041705 0.3639976 0.3977169 0.5531800 0.5305482 0.9825065 0.6717990 0.6345457 0.6985146 0.0796252 0.5163061 0.4807704 -0.0048061 0.0134564 0.4522166 -0.0153136 0.2671416 
0.5201880 0.8877668 0.8648385 0.0255071 0.4683911 0.7949172 0.8733136 0.7499070 0.8976710 0.9066014 0.9318599 0.9155719 0.6929532 0.2427442 0.5705046 0.1451388 0.0878978 0.2507921 0.7789737 0.8022267 0.3762351 0.0925016 0.7101948 0.8055666 0.9838551 0.2293338 0.6515774 0.6216672 0.8238253 0.7900981 0.0361865 0.1456071 0.8160924 0.5453900 0.1559633 0.8637652 0.9615484 0.6392987 0.2674529 0.0755221 0.5567972 0.9228239 0.6713431 0.8608218 0.2735906 0.4657142 0.5948605 0.5552792 
0.8958098 0.3246577 0.1603337 0.5417576 0.3087322 0.4393236 0.3531324 0.5354221 0.4083749 0.8848565 0.0286857 0.2868879 0.9737243 0.7139805 0.1835909 0.5481493 0.0186239 0.6034602 0.5991557 0.2934931 0.7914435 0.9949034 0.6836464 0.7496567 0.6789366 0.9730459 0.2466054 0.3940352 0.6104186 0.0536148 0.6893306 0.1520374 0.5120057 0.2607597 0.3283988 0.1414021 0.6444179 0.2717779 0.5831834 0.5454964 0.2113054 0.8515397 0.9365965 0.8187590 0.3741022 0.0138348 0.2266377 0.9453072 
0.8895230 0.8347118 0.2880032 0.0647603 0.8940703 0.3057649 0.0643635 0.3682974 0.8986175 0.6714988 0.5341044 0.9919126 0.6546220 0.6923734 0.8827784 0.7572253 0.4064150 0.2167119 0.1699576 0.7576220 0.6796472 0.2855617 0.0118107 0.1861324 0.0190741 0.1744133 0.6271554 0.8403882 0.9511093 0.8061159 0.7202063 0.5170446 0.5498825 0.2260201 0.5843074 0.5053865 0.5922727 0.0927458 0.2829066 0.5854976 0.7750481 0.4989166 0.2331309 0.7102878 0.7914365 0.4432814 0.1014435 0.2134770 
0.9180273 0.9698366 1.0060753 0.5669067 0.4689133 0.2883000 0.3174380 0.6095162 0.7537456 0.4644188 0.2284537 0.1371482 0.2559887 0.4918668 0.4678888 0.8463194 0.6245223 0.8722329 0.6354612 0.3878747 0.9713113 0.3395184 0.9114286 0.1110569 0.2880414 1.0334674 0.3416379 0.9994920 0.1697800 0.6793449 0.3960660 0.3893463 0.3292141 0.1468423 0.1517296 0.2035436 0.1991364 0.2426339 0.9861286 0.9157007 0.4712858 0.2077702 0.7680210 0.6419195 0.0783249 0.4001067 0.1322778 0.1243200 
0.4324168 0.1843911 0.7345494 0.7620511 0.4747857 0.8904827 1.0187064 0.5237732 0.9614174 0.4316130 0.9461420 0.9161877 0.5289772 0.0033876 0.2055180 0.2626150 0.7752620 0.9273293 0.1243627 0.4480827 0.7844505 0.4798120 0.8866175 0.1671194 0.0686118 0.8160703 0.9069417 0.4161811 0.8028313 0.7775402 0.3535050 0.5877208 0.9108330 0.0993290 0.8656825 1.0739576 0.6418982 0.5970097 0.5038868 0.2308812 0.7737461 0.7059990 0.2876299 0.4662625 0.9686476 0.2212062 0.5507169 0.1067590 
0.0991241 0.8094111 0.6440478 0.0401658 0.9388823 0.5444451 0.5411830 1.0073343 0.7526525 0.6766159 0.9296245 0.1900803 0.1355928 0.4253059 0.9755373 0.5048664 0.0239233 0.8845309 0.1823741 0.6922208 0.0950173 0.0880764 0.6415144 0.2572710 0.9306557 0.5812382 0.4837384 0.9705819 0.9140238 0.0269799 0.7250894 0.3670398 0.1267017 0.1481448 0.5602385 0.3494601 0.5969189 0.7765847 0.8570809 0.7619027 0.8929466 0.9016827 1.0148664 0.9430671 0.5158748 0.8931075 0.6621522 0.2402235 
0.4062319 0.5610924 0.4674215 0.3140660 0.9539907 0.5683014 0.7515183 0.7593616 0.9165069 0.4989166 0.1765068 0.5978878 0.6884976 0.7231971 1.0769472 0.6108840 0.3986633 -0.1666033 0.5931654 0.0464303 0.5183029 0.2315439 0.0568159 0.8446608 0.3380840 0.0152813 0.9757344 0.6919462 0.1613208 0.8126596 0.5878427 0.7091119 0.9699393 0.1030915 0.4241462 0.2192852 0.9798578 0.9225135 0.5146137 0.4797809 0.8915372 0.1085652 0.9268211 0.3282716 0.6786427 0.6031854 0.2403233 0.6276742 
0.9596454 0.4739895 0.6102901 0.1130380 0.9134822 0.5105515 0.7959178 0.9392325 0.3840066 0.3668797 0.3941431 0.5330970 0.6257692 0.2388673 -0.2663957 0.7617720 0.4384717 1.2397521 0.3971600 1.0212266 -0.1149061 0.6103735 0.0045188 0.4767774 0.7640732 0.4602818 0.2735259 0.9742021 0.6726555 -0.1224584 1.1332588 0.7906323 0.7029630 0.5408106 0.6091210 0.1238335 0.0429783 0.6099615 0.3667600 0.8820855 -0.0980995 0.3270500 0.8316446 0.5204187 0.0713596 1.0489859 0.3976765 0.3857369 
0.0369670 0.7490093 0.4125377 1.1107632 0.4125471 0.4978716 -0.3335013 -0.1594541 0.3651923 0.4259606 0.4881470 1.1242716 0.2769077 0.2657562 0.8445691 1.0316177 1.1355510 0.2500395 0.7067250 0.8485815 0.5322163 0.8162753 0.4419063 0.6339743 0.9877808 0.7926556 0.6091609 0.4523246 0.3142826 0.8388804 0.1822110 1.0311090 0.4477984 -0.0173266 -0.0059837 0.0145680 0.4519099 0.5656419 -0.1946662 0.4867002 1.4471683 0.2961990 0.2614063 0.7936473 1.1164208 0.2198516 0.6941842 0.7880965 
0.4525681 0.9653245 0.3707378 0.7110184 0.2757021 0.3527866 0.0935747 0.6379946 0.3497446 0.5818070 0.4129799 0.5402033 0.7989205 0.3141281 1.3860407 0.5339264 0.8457746 0.0092485 0.1067616 0.0419468 0.7077236 0.8128818 0.9725209 0.1019146 0.9729666 0.4251823 -0.1104960 0.9070504 0.7004028 1.0243306 0.7673424 0.8322870 0.4597312 0.9142814 0.1536891 -0.0804056 0.1770673 0.9759091 0.6398930 0.1343640 0.9962247 0.6952285 0.5666525 0.7702091 1.1275605 0.4958915 0.1781163 0.3651746 
1.1061953 0.6546896 0.5012169 0.6784849 0.9016105 0.4459743 0.5953828 1.1170028 0.8817330 0.4567873 0.3747334 0.3020414 0.3005945 0.2644113 -0.1313513 0.1305272 0.2595417 1.1397124 0.6050216 0.1720490 0.5022392 0.5428971 0.8004415 0.4703380 0.3802724 0.3488282 0.9834170 0.7126280 0.7499894 -0.0230291 0.5233775 0.7314264 0.5782339 0.1456265 0.2663981 0.5727303 0.5842547 -0.0345589 0.6990456 0.7041668 -0.3310778 0.5690618 0.6297952 1.0056630 0.6165727 0.7539330 0.0650857 0.1114366 
0.3886749 0.3651605 0.7470435 -0.0192290 0.2327583 0.8102153 0.8638202 1.0463434 0.0489439 0.1711340 0.3773115 0.4678179 0.0460397 0.7438271 0.0480975 0.0184632 0.1939269 0.9670037 0.3630339 0.8487666 0.5263488 0.8577260 0.4918994 0.3458224 0.6550912 0.9149160 0.5897787 0.3338322 0.4887991 0.8209603 0.6137363 -0.0713014 0.9107446 0.1916789 1.1424625 0.2613195 0.6408245 0.3092931 0.3660558 0.2858927 0.3469215 1.1819527 0.6907333 0.3544896 0.2960368 0.8992011 0.7236141 0.3605897 
0.1505175 0.2030213 0.4616299 0.2170696 0.1829461 0.8789963 0.4905396 0.8719605 0.4097488 -1.6643062 0.6505677 0.6661613 -0.0026218 -1.7429271 -0.1899506 0.1865709 -0.0674659 0.7020164 0.5436791 0.7285467 0.7541130 0.1686848 0.4732316 0.4324883 0.2468989 -1.5427711 0.3893514 0.2594948 0.7771968 0.6877911 0.7671546 0.3000879 0.0918225 0.6923157 -0.3398970 0.2033523 -1.2513903 0.0783636 0.3941161 0.2641389 -0.2278617 0.8858036 0.3001112 -1.6110579 0.2984822 0.4116454 -1.8580012 0.7339887 
0.5815185 0.0125868 0.1755484 0.6679033 0.7012138 0.0673723 0.2943868 0.2058592 -0.9564883 0.6895082 0.0372616 0.4729271 -0.4438475 0.8322260 -0.4586946 0.6642740 -0.0717534 -0.0180416 -0.2936720 0.1408949 0.0900067 0.1796959 0.0974630 0.1291331 0.4317458 0.7198268 0.1253600 0.7082751 -0.1726641 -0.0589865 0.3469173 -0.7124828 0.6980802 0.4497224 0.3008452 0.6540219 -0.1661796 0.0165947 0.6496757 0.2914746 -0.4407310 0.0256382 0.3593835 0.8062579 0.7345038 0.5264743 0.4275076 -0.4939439 
0.0780140 0.8050433 0.7695563 0.4479436 0.5360250 -0.0951626 -0.1988374 0.6859997 0.9755934 0.1346468 0.2292403 0.9929717 0.5512383 0.8792466 0.3701797 0.7564868 0.6038379 0.6347548 0.1066008 0.1354218 0.2704460 0.4934949 0.7877083 0.7709644 0.9159848 0.1987930 0.0500005 0.0370646 0.4608644 0.6511661 0.4725031 0.8828962 0.4066904 0.3822596 0.4257033 0.7693531 0.4529937 0.4717088 0.6041863 0.1917679 0.2286042 0.7121358 -0.1548660 0.7652939 0.9749722 0.6873293 0.2909979 0.8042657 
0.2706778 0.6995387 0.7324593 0.4373114 0.1233537 0.8275631 0.4585150 0.1290069 0.7109625 0.0863007 -0.0154389 1.0461716 0.7353131 0.3021953 0.6723589 0.3058255 1.0623321 0.2305992 0.4937669 0.3122492 0.4666872 0.8160757 0.2852217 0.5592955 0.8031747 0.7373866 0.7376439 0.5108591 0.3763267 0.6964577 0.2563405 0.8142647 0.5955385 0.7414245 0.0119917 0.8883129 0.3699108 0.4874840 0.3802110 -0.0030609 1.0478815 0.4193717 -0.1246833 0.5616150 0.4782809 -0.0020790 0.5835852 0.4650547 
0.8148046 0.5286787 0.3517983 0.6130532 1.1570199 0.6017103 1.2593414 0.8183182 0.0686894 0.7876690 0.9637711 0.4127015 0.3756090 0.6935015 0.2060919 0.4509715 0.4583697 0.5896163 0.5923564 0.1284381 0.1353152 0.7876555 0.1226865 0.4848343 0.4490306 0.1693793 0.4104014 0.0668563 0.8282694 0.3155433 0.9741658 0.6648656 0.4275640 1.0183643 0.9662791 0.1158987 0.8184841 0.1892943 1.1478202 0.8742727 0.3583048 1.1494933 0.5758995 0.3006549 -0.0470828 0.2294724 0.7761975 0.6699863 
0.5940214 0.3788808 0.5493522 0.3668351 -0.0675091 -0.0824683 0.2510502 0.0191402 0.5515383 0.4134175 0.3621666 0.5076147 0.9856997 -0.0635080 0.9829528 1.1025122 0.4107058 0.0607332 -0.1379358 0.3690747 0.5109448 0.5189945 0.3227922 0.8874305 0.7638971 0.8539979 0.7024255 -0.0338963 0.7786522 0.5531661 0.0470445 0.1712195 0.2838530 0.4858320 -0.0889025 0.6735846 0.5615934 0.5078400 0.3525307 0.1943329 0.5194915 0.3699012 0.1120487 0.9760564 0.8463320 0.6642316 0.2808110 0.6034595 
0.7684652 1.0017941 0.3556711 0.3400292 0.0097028 0.3082601 0.4176812 0.1742658 0.7374365 0.4808688 0.6851745 0.9849431 0.0624693 -0.0093376 0.0370576 0.5797508 0.2013508 0.4609834 0.0917465 0.0679180 0.3845687 1.0454992 0.6736847 0.8372276 0.4571523 0.3376857 0.2378727 0.8926761 0.5449415 0.7288550 0.5454728 0.9348687 0.1379440 0.2411346 0.4950387 0.0156056 0.1272137 0.3935937 0.0677320 -0.1466504 0.9796490 0.6831127 0.1841945 0.3404780 0.6506774 0.6009362 0.1018810 0.9338035 
1.0628590 0.9718685 -0.1562433 0.3061286 1.0605509 1.0529569 0.5828986 0.7813908 0.6286125 0.3363918 0.4618637 0.3876153 0.9133146 0.7254849 0.3818175 0.1736498 0.3726127 0.3016436 0.5053481 0.2995248 -0.1690765 0.1827176 -0.0066815 0.5678141 0.1278843 0.2016984 0.5911626 0.2021449 1.0335369 0.3144751 0.1801963 0.8500519 1.0154725 0.1851479 0.9113763 0.3311762 0.2530677 0.4328931 0.3743286 0.5380808 -0.0991372 0.3340387 0.7330393 0.2381835 0.4648652 0.9760772 0.9736523 0.7897715 
1.1513932 0.9700068 0.2482490 0.5736538 0.6361910 0.3997693 0.6608429 0.3219651 0.0828500 0.6109057 0.3957911 -0.0847502 0.5893301 0.4456302 -0.1246677 -0.0770292 0.4177496 0.6911513 0.2962658 0.4417411 0.2310212 0.2991762 0.0112329 0.6216793 0.2720537 0.2879132 0.7910588 0.3884299 0.8206702 0.6325695 1.1086914 0.5783151 0.3407388 0.8930553 1.0452305 1.0291040 0.2550819 0.3120093 0.7183333 0.9972929 0.0452764 0.7318780 0.3192388 0.9090414 0.2912454 0.3219740 0.7155267 0.3732549 
0.3614704 0.0800534 0.6920403 0.7157039 -0.0883837 0.0766857 0.0558233 0.3607644 0.4514335 0.1933961 0.6457450 0.0217932 0.4819120 0.3344245 1.4139406 0.0601689 0.5648927 -0.1764567 -0.1251180 0.8243498 0.6183915 0.9286725 0.3975216 0.1500245 0.4801927 0.2962151 0.3617474 0.1684290 0.1590960 1.0586931 0.1530964 0.6459031 0.3098853 0.5566273 0.1626616 0.3779308 0.2908588 0.0688605 0.4648388 0.1693992 0.4604866 0.1323757 0.7047487 0.3497100 1.1123850 0.5635512 0.7181130 0.0854209 
0.2872798 0.3252656 -0.0121472 0.2176244 0.5484155 0.5349516 0.6461428 0.6400698 0.9359195 -0.0395785 0.1906220 0.0215635 0.3569379 0.5185105 0.9419996 0.3075879 0.7852950 0.0123308 -0.2732548 0.4815964 0.4725345 0.4894165 0.1881480 0.5960082 0.0486725 0.8370906 -0.1751342 0.4645507 -0.0626515 0.5583852 0.4218424 0.1839007 0.4014713 0.7180341 -0.0748945 0.6250907 1.0074881 0.6829406 0.3198149 -0.0888484 0.6417105 -0.0378566 0.4476913 0.5542294 -0.0659980 0.6683821 0.4648682 0.3804510 
0.5994841 0.5282646 0.9960028 0.7887545 0.5576058 -0.0771263 0.5207422 0.2326178 1.1075362 0.0359168 0.2210794 0.4013576 0.2358183 0.0208245 -0.1964383 0.2876060 0.7498232 -0.0777292 0.6902756 0.8751022 0.3390607 0.1815734 0.8165081 0.9864636 0.7200724 0.1863405 0.4996305 0.6695665 0.5178648 -0.0546645 -0.1484232 0.2906235 0.4669040 0.8444076 0.0815753 0.3192212 0.4564484 1.0172284 0.5671085 0.4713496 0.5921086 -0.0969092 -0.1555091 0.7126651 1.0015636 0.5491478 0.9260121 0.9133341 
0.3803400 1.1405098 0.3443601 0.6054796 1.3020579 1.5540962 0.5589345 1.0709635 0.0594333 0.6300411 1.3442646 0.0610082 0.2430761 0.0964732 -0.5389305 -0.0294009 0.3585800 1.0026987 0.8032313 0.7160160 -0.1417469 -0.1640398 -0.0314849 1.1653027 0.0807816 0.0767921 1.1845401 1.1980587 0.8661905 0.2447297 0.9541111 0.1516773 0.7467599 1.1292770 1.2303107 0.5987399 1.1012934 0.3918986 0.7443602 0.8118476 -0.0525420 1.2913205 1.0496120 1.5636225 0.3848889 1.2410816 0.5654167 0.7365464 
0.7687410 0.3306925 0.0502154 0.2148171 0.8600627 1.2812189 1.4280521 0.9647900 0.3302164 0.9654482 1.1599134 0.0485505 0.8397322 0.4766767 0.2005943 0.7838395 0.5290825 1.0039341 1.6865135 0.9959902 0.1264974 0.2462607 0.4977182 0.5748946 0.6871700 0.1452725 1.0109973 0.0440495 1.0272539 0.6507203 1.1192181 0.3751342 1.0853458 0.5168232 0.4552125 0.1219515 0.2996760 0.3124521 1.6941031 1.5738964 -0.2009139 1.6594881 1.1759810 0.8488082 0.4723536 0.2032598 0.7508081 0.8117480 
1.2397709 0.1196804 0.6961440 -0.0842004 1.1533511 0.9939054 0.7747453 1.1939917 0.6109425 0.3152140 0.6200445 0.3954587 0.8711540 0.3766287 0.3173115 0.2023983 0.2986362 1.5332820 0.9489332 1.4905755 -0.0229233 0.3666235 0.7587838 0.4238278 0.1688355 0.9143977 1.2773609 0.5233524 1.4783704 0.3865904 1.7067027 -0.0592429 0.8627866 0.5336998 1.4034191 0.9679464 0.6362738 0.3444811 1.3864645 0.9142835 -0.3509123 1.0613218 1.7364344 0.1579540 0.7404780 1.0349037 1.0067707 0.5798356 
0.2509340 0.7270444 0.4764974 0.7680901 -0.2886155 0.4911513 0.9086023 0.9357552 0.4839074 -0.6197464 -0.0717925 0.6176056 0.2236107 -0.7230892 0.4350918 0.5254970 0.1521548 0.8000208 0.4596811 0.6150420 0.0964652 0.8931292 0.8017163 0.6831217 -0.0580380 -0.6026172 0.5659529 0.5439328 -0.0438794 0.1363688 0.7132070 -0.0737392 0.8618965 0.7655590 0.2265183 -0.5147746 -0.7962347 0.1311669 0.0003400 0.2159518 -0.3748495 0.1490732 0.5227374 -0.4443010 0.1888509 -0.1133932 -0.6841156 0.7860421 
1.1785852 0.1678583 0.2800798 0.3650904 0.8147243 0.7322074 1.2836951 0.9860784 0.4653995 0.4651799 0.9188784 0.3209018 0.6197265 0.8004994 -0.3460795 -0.0618920 -0.0268440 0.6990862 1.0108872 1.0442680 0.4007957 -0.0166293 -0.1819493 0.0933123 0.0701128 0.8484162 0.7570917 0.2464272 0.8401716 0.1724114 0.5210575 0.6709998 1.2732624 0.5836281 0.2912097 0.9223808 0.9211484 0.2376051 0.9836612 0.5775413 0.3059045 1.0713049 0.4584338 0.4650887 -0.0766247 1.0572259 0.7587409 0.1815071 
0.2220311 0.0098628 -0.0783334 -0.2856281 0.1023760 0.2910764 0.2766152 0.1007472 -0.7578445 -0.8724079 0.8017449 0.7203859 -0.2103337 -0.1529868 -0.4936938 -0.1894443 -0.2476630 -0.0466239 0.5352657 0.1219466 0.4476482 0.7579722 0.2382725 0.0891587 0.0071220 0.0387533 0.3601570 -0.0965809 0.4762910 0.2352109 0.3664155 -0.6219826 0.2381123 -0.2037611 0.5535007 -0.1630690 -1.0038994 -0.0078132 -0.0721850 0.0048021 -0.5907322 0.5939082 0.6180552 -0.0742316 0.1872809 0.8359254 -0.1930353 -0.7587392 
0.6352947 0.9636590 0.0294618 -0.1581495 0.5934651 0.5297781 0.7218799 0.4362264 0.4391230 0.1482757 0.6641098 0.4554274 0.2336979 0.7580177 0.1399888 0.8142028 0.1061251 1.1945236 0.5809119 0.6356557 -0.0740418 0.1370314 0.4184719 0.6837234 0.6069028 0.9688117 0.7444570 0.6625471 1.1813075 0.7388045 0.5791037 -0.0238762 1.1455424 0.6416743 1.0135523 0.5009507 0.5761366 0.5213052 0.2854282 0.7023009 0.1815111 0.5608218 0.3985870 0.1428742 0.0202716 0.6863650 0.7069205 0.1729924 
0.6711720 0.7101140 0.7409346 -0.1540807 0.6662891 0.5714697 -0.1630996 -0.0456595 0.2169871 0.7683161 0.0033240 0.1763984 0.6374481 0.4699534 -0.1769197 0.4136530 -0.2083103 0.4818764 0.6881840 0.3862116 -0.0546454 -0.0647893 0.1613338 0.9971284 0.2590058 0.3521315 0.4288253 0.9400680 0.2109549 0.6417400 0.4308721 0.7128118 -0.2772457 0.5281521 0.4208167 0.3629138 0.0659066 0.0543939 -0.0575824 0.4917749 -0.1763607 0.6712278 0.0721862 -0.0674814 -0.1289737 0.2054538 0.9018534 0.3421071 
1.0841532 0.4078332 -0.0118010 0.0218816 0.7697439 0.1985216 1.0590754 0.7073290 0.8012560 0.4094245 0.0206272 0.0830724 0.5105504 0.3161128 -0.4003431 0.8579359 0.1813545 0.8842974 0.5778325 0.5705897 0.7898456 -0.0602585 0.4226836 0.5431551 0.3820851 0.3585341 0.1674971 0.8490163 0.6352635 0.8562397 0.9261215 0.1981529 1.0630396 0.9825661 0.9478650 0.4062955 0.4223347 0.7151902 0.1752506 0.4496811 0.0295943 0.5322918 0.5975330 0.6520723 -0.0529737 0.1886989 0.4975920 0.0507033 
0.2266090 0.9378273 0.3062100 0.2560326 0.2905341 0.7545628 0.2411927 0.4872026 1.0872295 0.7427096 -0.0690599 0.6273950 0.0762357 0.0201738 -0.2186148 1.0830059 1.0846308 0.2531524 0.4779888 -0.0393240 0.4473917 0.1898962 0.3624203 0.8028942 0.6015626 0.3940839 0.2796831 0.9272536 0.4090121 0.7520465 0.7320020 0.8130999 0.2535176 0.4488436 0.7880164 0.2534668 0.6374667 1.1583179 -0.1245651 0.1587483 0.5859611 0.4704597 0.3426771 0.9107468 0.8307379 0.1152952 0.8701235 0.0885631 
0.5986297 0.2854941 0.4223952 1.0542950 0.2366384 0.0317319 0.6517582 0.0451115 0.8178428 0.5734871 -0.0730579 0.7208475 0.4486349 0.0804479 1.4136157 0.1326645 1.1103732 0.4892741 0.1327024 0.5702832 0.3491967 0.2124360 0.9590726 0.8111037 0.8299086 0.2652043 -0.1743408 0.3199048 0.4623889 0.8614336 0.4472948 0.2364681 0.0426042 0.5356077 0.3151931 0.3499969 0.7329854 0.1974973 -0.0510155 -0.0173435 1.3068776 -0.1383540 0.3625141 0.9892099 0.2593085 0.8810656 0.3399559 0.2277766 
0.1887279 0.5342645 0.3599591 0.4372729 0.4438848 0.3342913 -0.3079333 -0.1124569 -0.1627269 0.4516943 0.0453997 0.5846905 0.0278542 0.6205771 -0.2317057 0.7058366 0.5647491 -0.0912279 0.1746567 0.4606048 0.7991333 0.1056340 0.7516655 1.0014467 0.1026284 0.3777515 0.4627956 0.7768831 0.5380948 0.4614233 0.3907124 -0.2246798 0.3964602 0.7573422 0.4962760 0.2174612 -0.8737964 0.6686407 0.4842475 0.3143596 -0.3934824 -0.1804399 0.4083828 -0.1533017 0.3094825 -0.0827568 0.9360402 0.7084823 
0.1571184 0.0141541 0.5512376 0.9228129 -0.0789535 0.5044331 0.5754619 0.4522589 0.8295046 0.3564700 0.1050787 0.6025603 0.7713793 0.3944223 -0.0575349 0.5898115 0.6111570 0.6659457 -0.0182422 0.4091455 1.0181543 0.7571501 0.7754590 0.2588408 0.6052243 0.3426297 0.7192717 0.9311295 -0.0650014 0.5988740 0.2104406 0.1060599 -0.0827658 0.8261744 0.5629729 -0.0169272 0.8942770 0.4201021 0.3462744 0.6270243 0.7037362 -0.2493193 0.4186682 0.0820471 0.9694534 0.8821948 0.6748355 0.7417084 
0.4986472 0.0766312 0.1882763 0.6152845 0.0847180 -0.1453429 1.0423143 0.5793511 0.4841915 0.6337693 -0.0257894 0.3554201 0.2454540 0.3601027 -0.1763225 0.5109836 0.7271389 0.9191517 0.7106971 0.5253700 0.3927396 0.6355969 -0.0092367 0.1704499 0.7663622 1.0391122 0.7813289 0.3136231 0.3894482 0.7002000 0.2955318 0.4362766 1.0104785 0.3459044 0.9137343 0.2840613 -0.0092710 0.6767328 0.6821537 0.9470291 0.0298784 0.8637236 0.7533753 0.2525667 0.7124127 0.2262438 0.8772643 0.7697141 
0.3957426 0.8171876 0.2268631 0.5746768 0.0788272 0.6203729 0.2656380 0.1030051 0.6241724 0.5523683 0.0252728 0.6582232 0.5650925 0.6019481 1.2490690 0.3375960 0.6183535 0.5874216 -0.1918620 0.1108270 0.9611533 0.4102259 0.8428886 0.1419244 0.5004601 0.4378475 0.1865101 0.9617090 0.6406781 0.6901622 0.0015414 0.7973983 0.1168252 0.7032154 0.7918007 0.3687047 0.2169479 0.7825977 0.6063837 0.2019320 0.8871537 0.2813365 0.5932951 0.3037336 0.2260128 0.0144315 0.5929238 0.4743052 
0.6836379 1.1445241 -0.1921665 -0.3008436 -0.1540104 0.8461341 0.2477334 0.4649728 0.5107099 0.4775250 0.7982737 0.1496830 -0.2860565 0.7423651 -0.1411988 -0.1766715 0.3297077 0.2601588 0.1711199 -0.0940640 0.5214015 -0.3641519 0.2930772 1.4540544 -0.3104767 0.2674897 0.2467672 1.2173188 0.6059396 -0.4324307 0.5035989 -0.3162790 0.6314880 1.3836095 0.7169689 0.8430440 0.4734661 -0.0610878 0.1385942 0.0458170 -0.4632574 0.1549603 0.1195149 0.1656231 -0.1289712 0.6949557 0.9312566 0.8522109 
0.3571361 1.8539606 0.5562846 0.8350238 -0.0295672 0.0056421 0.2975294 -0.0804954 0.9757663 0.8298220 -0.5952524 0.5473456 0.3974106 0.9174768 0.2570096 0.5265277 0.2566152 0.0868446 0.2718535 0.8478572 0.7912503 0.8624685 0.1693787 2.0643254 0.6254804 0.9129046 0.2710160 1.8975603 -0.2151669 0.2727628 0.0262585 1.0575543 -0.2594071 1.9964185 0.8011773 -0.0092261 -0.0219728 -0.0011911 0.4692117 0.1477854 -0.2385621 0.0728916 0.1859986 0.5263942 0.0558934 -0.6712729 0.2519371 1.1932003 
0.7869579 1.0206511 0.4717995 0.0872971 0.3718510 0.5564436 0.6376281 0.2841328 0.9755791 0.4398232 0.1255703 0.5342440 0.3122821 0.6907566 0.0454598 0.9074279 0.4219765 0.0399814 0.6120565 0.6637385 0.1138295 0.2506109 0.2888113 1.0579341 0.2282242 0.3158398 0.5092494 0.8722819 0.3568737 0.8566856 0.4979427 0.7219758 0.3958564 0.5693808 0.3570305 0.2092674 0.1120770 0.3170172 0.1447494 0.2931842 0.3894452 0.5657984 -0.1175296 0.4260747 0.8284084 0.6573103 0.1503104 0.6280202 
0.0595812 0.3611040 1.3782990 0.6256145 0.5200028 -0.0170672 -0.3160753 0.2323425 0.2409059 0.8187921 -0.0443094 0.3386347 0.8866939 0.5130172 -0.1157202 1.1470342 0.8553064 -0.0427856 0.0227137 -0.0750917 1.1507398 0.8428611 1.2035307 0.6809137 0.5696584 -0.0285451 0.2722366 0.1662416 0.6846552 0.8902463 0.3698083 0.7939784 -0.0052794 0.3590349 0.1130690 0.3418789 0.3128238 0.6215152 0.1453711 0.1340588 0.5152920 0.5075702 0.0689261 0.5070511 0.4812208 0.1637281 0.8526973 0.8042717 
1.0841311 0.0230174 -0.0046579 0.3704921 1.0996054 0.5882512 0.7025344 0.5887870 0.8573182 0.4940809 0.4464447 0.3766897 0.1599652 0.9106713 0.2685327 0.0569470 0.4511063 0.4936007 0.4687110 0.4709473 -0.0410513 -0.0747671 -0.0274951 0.5058920 -0.0621545 0.9621281 0.9004056 0.3309330 0.7711878 0.4534564 0.2673919 0.5806955 1.2645952 0.9312339 0.6677471 0.6012040 0.5925861 -0.0325752 1.1419883 0.1766279 0.2506355 1.0870218 0.8793716 0.9467928 0.0508511 0.4763366 0.2904039 0.5161425 
0.7350779 0.5315954 1.0844724 0.7009730 0.5222001 0.1048238 0.0315916 0.6610971 0.1392326 -0.0912390 0.1694422 1.0101817 0.3306512 0.8330953 0.1903983 0.6454998 0.2729613 0.0282615 0.3792614 0.1339296 0.4949043 0.0883425 0.6099322 0.1844367 0.2495061 0.4600039 0.0694106 -0.0325840 0.5746665 0.4739255 0.1456193 0.5511117 -0.1670885 0.7167961 0.6033489 0.5720190 0.9868981 0.3131935 0.4898640 0.3471390 0.8981840 0.1908186 0.2957702 0.4815650 0.9879637 0.5123715 0.2495601 0.9524991 
0.3786375 0.7484915 0.2541379 0.2055110 1.1499058 0.8181810 0.2641672 0.4233722 0.6569649 1.2475598 0.1890659 0.0507789 0.0404957 1.3285294 -0.4321845 0.0567980 0.0741768 0.4375466 0.3172806 1.2560947 0.3393336 0.0027986 0.2391829 0.2888446 0.1815171 1.3796513 0.2285566 0.1451885 0.4426750 0.2422620 0.3630014 0.8427723 0.4179375 0.7644808 0.3993812 1.3811984 0.6388235 0.5015190 0.9424851 0.8020687 0.2719333 0.4525721 0.2045585 1.0910617 0.7056375 1.2803855 1.0046873 0.5666233 
0.7888787 0.4996250 0.7917226 0.5158823 1.1497485 0.8079250 0.4422355 0.4902107 -0.0476472 0.1957014 0.6792363 0.2427745 0.5167266 0.6907854 0.1120338 0.6641433 0.4178106 0.9175943 1.0720193 0.9798740 0.2435948 0.0781002 0.4496007 0.3834823 0.3780445 0.8096271 0.6609891 0.1058590 1.1117258 -0.1227331 0.9256159 0.2085223 0.8590659 0.1006727 0.3398562 0.3743905 0.2946955 0.5710809 1.1314893 0.8744877 0.0992942 0.6685178 0.7533994 0.4207758 0.4277547 0.4087076 0.5097404 0.9019881 
0.0588793 0.0866050 0.8879246 0.2838231 0.6731752 -0.0141679 0.1941942 -0.1977853 0.7881178 0.3073657 -0.0029874 1.1022983 0.9028724 0.8898903 1.0074744 1.1026648 0.7855952 0.4516753 -0.2343743 0.4109461 0.6942694 0.3407967 0.7777316 0.2782200 0.6907747 0.2062425 0.3144437 0.0974248 0.2042023 0.3748768 0.0099646 0.3910138 0.6247753 0.1728342 0.3596280 0.6756904 0.1907630 0.9326576 -0.1954291 0.3362745 0.7621857 0.4652410 0.0071566 0.1797675 0.3141503 0.2677351 0.0564084 -0.0026991 
-0.0484899 -0.0179910 -0.3019562 0.3283396 0.6831559 0.4610088 0.3938083 0.2596611 0.6534550 0.0390839 0.6840801 0.1804372 0.8005059 0.2090020 -0.2787207 0.4252540 0.4180176 0.2461113 0.1280768 1.1477057 0.4144543 0.2810621 -0.2554569 0.3095179 -0.2074196 0.3016566 0.2028475 0.4604850 0.0261960 0.2244090 -0.0047614 0.4031057 -0.0153177 0.7370206 0.5572620 1.0901977 0.2414234 0.2256360 0.6544362 0.2475805 -0.2373789 0.5399638 0.8420696 0.3815683 -0.2315419 0.4154764 0.2123952 0.0892934 
0.7089722 0.4608971 0.7288240 0.1753570 0.1447858 0.9514247 0.9998520 1.0321559 0.4545349 0.9593051 0.6655827 0.4424876 0.9230196 0.3932157 0.3015232 0.3053067 0.1534288 0.8367396 0.9459544 0.7315481 0.5900715 0.0931153 0.1767653 1.0247067 0.0695021 0.4945236 1.0268678 0.4149504 0.6346039 0.7130774 0.6785432 0.3832718 0.9285280 0.8949779 0.2576231 0.2779874 0.5389488 0.3431076 1.0010450 0.5576190 0.3050806 0.8897523 0.6079555 0.0247067 0.5126877 0.8768616 0.3436587 0.9852120 
0.5129219 0.0437749 0.3753838 0.1315032 0.1105441 0.1245144 0.7300432 0.9057062 0.2113328 0.5999351 -0.0446721 0.0812708 0.1747300 0.5192766 -0.4088947 -0.0607323 0.6859770 0.5722371 1.2213125 0.2816322 0.6338961 0.4116402 0.5134456 1.0473208 0.6918124 0.2718706 1.1362396 0.0949953 0.7191428 0.4409133 0.6340494 0.5301748 0.3736221 0.6583067 0.6172874 0.4631827 0.1284151 0.1025921 0.7521641 1.0715077 0.3213189 0.7639916 0.5746093 0.5799553 0.3261580 1.0820336 1.0058670 0.7176838 
0.7345286 0.0593828 1.0989340 0.3110893 0.7972024 0.2692575 0.4769787 -0.0047863 0.5540580 0.7087750 0.6609123 1.0401747 1.5784662 0.2518704 0.3592379 0.9425507 1.6318190 0.3135485 0.3254573 0.3049553 1.7522877 1.3507324 1.1920033 0.4858985 1.1775794 0.7360543 0.6789873 0.0716368 -0.1393445 1.1117642 -0.0009000 0.3028241 0.5694147 0.6972643 0.1395896 0.2064688 0.9263546 1.8274902 -0.1916448 0.7206246 0.6829800 -0.0550385 0.0366070 0.3386384 1.3321714 0.5935813 0.6219165 0.3863882 
0.7055360 0.5127326 0.8079450 0.9865911 0.7126661 0.2385253 -0.0739109 0.0658641 1.0994645 0.0993017 0.6136696 0.2893537 0.3567855 0.7569822 1.1728483 0.6517433 0.7106315 0.4059891 0.4491793 0.5026847 0.8101067 0.2788779 0.6527119 0.2499904 0.9815161 0.1282667 0.1167448 0.5163769 -0.1753564 0.2282685 0.3693505 1.0721487 0.4544820 0.8854106 0.3081128 -0.0103046 0.4900675 0.9385495 -0.0994179 0.4016451 0.9865131 0.4017625 0.6685843 0.4471396 0.8189770 0.7601513 0.7969706 0.6569995 
-0.0552904 0.1662888 1.1726318 0.8024655 0.0648802 -0.0251851 0.2158623 0.4640085 1.0421180 0.2312375 0.5570883 1.0056579 0.0715698 -0.0507817 0.1118658 0.8091370 0.7685108 -0.1351041 -0.1824318 0.3778640 0.6487694 0.8829513 0.4997692 0.1204088 1.1008586 0.2445733 -0.0782685 0.7190563 0.6428144 0.2502821 -0.1559951 0.4983988 0.1423082 0.6529819 0.4286609 0.1213827 0.4736793 0.3602038 0.0597972 0.3426833 1.2795694 0.5285364 -0.0402691 0.3396533 0.1794647 0.5859516 0.3654083 0.2721189 
0.6610523 0.0664148 -0.0029183 0.5311110 1.0623209 0.5560546 1.1483761 1.0937172 0.0833993 0.2430356 1.0039029 0.2097839 0.6605908 0.6687510 -0.1108734 0.4863730 -0.1122653 1.2685005 0.6397516 0.3890356 0.1171872 0.8042881 0.0285063 0.1978687 0.3566511 0.3351559 0.8121471 0.9729814 1.1314097 0.3401412 0.9059570 -0.0673650 0.8048643 0.6658450 0.8389254 0.3611149 0.3977865 0.2594259 0.2543298 1.1536392 -0.1382314 0.8954877 1.1551408 0.9314420 0.0685519 0.3672940 0.8641519 0.2577423 
0.4893266 0.1197882 0.6511961 -0.2421859 0.6234082 0.6185865 0.3332538 0.2590363 
0.6934785 0.3146612 -0.1772670 0.0452670 0.4614499 -0.0881910 -0.2996349 0.7275499 
0.3115732 -0.2130152 0.3775606 0.0647966 0.3514120 0.4004619 -0.1561602 0.1210378 
0.8058782 0.2319263 0.4376104 0.4354129 0.4914714 -0.0830788 0.1332746 -0.1247171 
1.0597012 0.6786804 0.2142524 0.4489799 0.0695941 0.1547700 0.0418481 0.7661688 
1.0943325 0.4920558 -0.0311870 0.1551557 0.2679510 0.1410537 0.5594145 0.0045450 
0.8124650 0.4945086 0.7032510 -0.2506242 0.6465541 0.4522538 0.2495579 0.6575343 
0.6153513 -0.0438641 0.5855951 -0.0658008 -0.0071707 0.0422102 0.4078530 0.5055368 
1.2578723 0.9131918 0.6615628 1.0783860 1.3060200 0.4576454 0.6627080 1.0711223 
3.0616684 2.3673499 2.0843246 2.8723076 2.1194469 2.4157333 1.9760048 3.0025431 
0.6253393 0.5353822 0.7222206 0.7102360 0.0635023 -0.1317069 0.5415074 0.8390514 
0.1526350 0.3722072 -0.3250549 -0.0951007 -0.0131239 0.0661289 -0.1264748 -0.0499524 
0.6779907 0.3851567 0.5164094 0.4081582 0.6624070 0.5483957 0.4802850 -0.0761916 
1.4828239 1.1887922 1.0847576 1.6685484 1.5636250 1.7832799 1.3014017 1.2697407 
0.2612112 0.2051913 -0.1847950 0.0481266 -0.7093047 -0.8530217 0.5765728 0.4039210 
0.8946222 0.6023916 0.0113324 -0.1878504 0.3580552 -0.0696174 0.6613981 0.3313582 
0.5236678 -0.0338351 -0.0928191 0.5053811 -0.0069822 0.2247334 0.3404936 0.0683566 
0.2585019 0.7613428 0.0191755 -0.0070540 0.0158928 0.1126467 0.7273857 0.3473059 
0.2538740 0.3291309 0.2154750 0.4349829 0.5732674 0.2814367 -0.1935213 -0.0753449 
0.9250458 0.4937954 0.0004659 -0.2396051 -0.1953024 0.8801686 0.4388208 0.4417454 
0.4233387 0.1425968 -0.0627611 -0.3491235 0.0147423 -0.0100239 0.1018720 -0.0089933 
0.7884151 0.3000963 0.1096003 0.6687369 0.7823003 0.6964690 0.0030946 0.7075258 
-0.0795306 0.0228137 0.2531355 0.2211828 0.7631598 0.4886202 -0.0958980 0.2229042 
0.1318437 0.8983594 0.8514908 0.4285073 0.3212512 0.4452981 0.3940766 0.3775706 
0.3764407 0.0726860 0.0781399 0.6023773 0.1067486 -0.2007591 0.0183699 0.6442205 
1.9140476 0.7053485 1.3103336 1.1964618 0.2383116 0.6885314 0.6434136 1.1110074 
0.5756798 0.3348324 0.7222561 0.4824012 0.3225587 0.2084915 0.5337464 0.7845721 
0.8297600 0.2896152 0.0852692 0.4715967 0.1183118 0.4721768 0.5328224 0.4032014 
0.8589353 0.7536580 0.6473133 0.0627414 0.3673665 0.1820778 0.6903767 0.5647927 
0.3767391 0.1187343 0.1966862 -0.0853015 -0.1628720 0.1503739 0.1209581 0.4073598 
0.9328203 0.3978135 0.1754483 0.5308509 0.5133828 0.1922051 0.0844241 0.3361919 
0.6528782 0.1666089 0.4174066 0.7138257 0.3932755 0.1163911 0.1386635 0.9809978 
0.8076357 -0.0496838 -0.1239629 0.1976556 -0.1984821 0.4010542 0.2976943 0.7257133 
0.8223441 0.3160596 0.8224814 0.8478838 0.1410996 0.5042541 0.3284063 0.4088117 
0.7409284 0.5474489 -0.1050746 0.0403767 0.5839505 0.8262962 0.5623715 0.1298461 
0.4805191 0.3745252 0.2191661 -0.7130166 0.0352635 0.8218234 0.2854169 0.4266766 
4.4636599 4.0445996 4.1798496 3.5258006 3.2272012 3.5002628 3.1042173 4.1313384 
0.1220669 0.4371272 0.4642924 -0.1793418 0.6540188 0.8284935 0.0370258 0.4853594 
1.0861060 0.3600367 0.5655727 0.2903263 0.5707707 -0.2818198 0.1033383 0.6884707 
0.7566099 0.0293965 0.8720557 0.0409801 0.5873098 0.4165138 0.4746957 0.3445888 
-0.1582222 -0.1155175 0.1544613 0.3679341 0.4990558 -0.4973934 0.7597789 -0.2201475 
0.5944049 0.3439453 0.0335461 0.1935503 -0.1260107 -0.1588469 0.5887772 0.3860958 
0.5387944 0.4516846 0.1750383 0.7839823 -0.0665340 -0.1819351 0.5452973 0.3867944 
2.4490797 1.9658033 1.3925573 1.7354035 1.6213511 1.6609469 1.5094227 1.6682006 
0.5713247 0.6232685 0.6009102 -0.2253783 0.2497341 -0.4952939 -0.0453550 0.0499729 
0.1143748 -0.1898400 0.3513974 -0.4319815 0.4308203 0.3065774 -0.1976679 0.4963486 
2.0935763 1.6572135 2.2279076 1.7161764 1.9619324 1.7423636 1.9513893 1.5591082 
0.4209641 0.4012931 0.5542905 0.0952317 0.4466773 -0.1052056 -0.0841245 0.2403844 
----------Biases------------
-0.4167302 -0.1374551 -0.6728883 0.7523462 0.1461532 -0.9074944 0.8249773 0.6130065 0.7192678 -0.0806375 0.6715979 0.0797332 -0.6080813 0.0839564 -0.7397924 -0.1060687 0.8676177 0.9954457 -0.9434503 -0.8952846 0.9086226 -0.8594317 0.0445264 -0.3899960 -0.6965782 -0.4845530 0.7708947 0.7065337 0.8608231 0.8159612 0.9901647 0.9318751 0.9396519 -0.4496017 0.8615103 0.7180771 0.7136144 -0.3767161 0.7241156 -0.8512760 0.2479553 0.7404615 0.1270934 -0.1969143 -0.9882305 0.1728551 -0.3706663 0.2315080 
0.7594927 0.1586287 1.1679014 1.0348547 -0.2381686 -0.4858925 -1.0214496 0.0778578 -0.2942517 -0.3104205 0.3836821 0.6205331 1.0284561 -0.6235226 1.3488872 0.5010839 -0.6899137 0.3899974 0.0513400 0.2040611 1.0232590 0.9520521 0.8346487 0.6942789 -0.6837484 -0.0101643 -1.1299974 -0.0626448 -0.3342052 0.8356454 -0.7088989 -0.1419614 -0.1872307 0.8049946 0.5771945 0.2963454 -0.2667705 0.8451305 0.2812090 -0.7399303 0.0472252 -1.0575715 -0.9017762 -0.4357909 -0.4605926 0.0264863 -0.5574409 0.4962785 
-0.6376390 -0.5370325 0.1798799 0.4909662 2.6829505 4.7633610 0.0024301 -0.6657701 
