------------------Joints-------------------
7
220 177.981
178 120.981
265 120.981
142.486 59.4685
120.841 0
302.618 76.1491
291.125 10.9655
------------------Lines(poit_num1 point_num2)-------------------
7
0 1
0 2
1 2
1 3
2 5
3 4
5 6
------------------Movable lines (line_num turn_point_num)-------------------
4
3 1
4 2
5 3
6 5
------------------Unit fall angle-------------------
0.174533
------------------Unit turn angle-------------------
0.174533
------------------Turn intervals (min_angle max_angle)-------------------
7
0 0
0 0
0 0
3.14159 5.06145
4.36332 6.28319
3.14159 6.28319
3.14159 6.28319
------------------Initial states (state_num state_count)-------------------
7
-1 1
-1 1
-1 1
6 12
6 12
7 19
8 19
------------------Dependent lines (line_count list_of_lines)-------------------
7
0 
0 
0 
1 5 
1 6 
0 
0 
