==================================================================================
--------------------------Creature Joints----------------------------
-103.87581141 113.76550414
-49.37523100 63.70866909
-143.22964821 73.87470911
-87.99257348 23.14143034
-86.93644182 98.20729865
-61.95568522 76.62115032
-65.35029349 123.18805525
-39.63304256 100.92546321
-196.99526566 39.70986891
-30.79577775 10.39216303
-259.48637969 0.00000000
47.44100874 0.00000000
-85.90892733 156.99962878
-79.18839706 207.59453185
-15.14355071 100.98032670
30.42381125 94.92759535
--------------------------Creature States----------------------------
-1 -1 -1 2 -1 -1 -1 18 -1 12 12 -1 -1 -1 -1 0 9 5 1 
---------------------------------------------------------------------
==================================================================================


==================================================================================
--------------------------Creature Joints----------------------------
-176.63494724 155.93844458
-103.68280244 143.52939267
-187.99726071 101.06679587
-114.05927611 88.49005407
-153.96063197 152.08157710
-121.26022885 147.53365050
-149.41270537 184.78198021
-115.72646246 180.06636372
-245.56732679 73.79656639
-56.28850616 78.66379347
-251.57397399 0.00000000
-62.69158437 0.00000000
-192.91363999 199.83608254
-180.00208250 249.21524239
-86.66304255 191.18767810
-45.12049747 210.86601594
--------------------------Creature States----------------------------
-1 -1 -1 3 -1 -1 -1 17 -1 8 9 -1 -1 -1 -1 6 0 0 2 
---------------------------------------------------------------------
==================================================================================


==================================================================================
--------------------------Creature Joints----------------------------
-176.51264763 158.62080161
-110.73163074 124.72599646
-203.94063577 109.75664842
-137.27068622 75.40380536
-156.06719643 148.08592974
-126.27438072 133.85961145
-141.84087815 177.87874545
-111.15912978 163.19438925
-246.78071287 62.61106837
-78.73718752 78.20501727
-286.30117770 0.00000000
-68.10858995 0.00000000
-170.59557329 205.06417237
-136.27149273 242.83806861
-87.55274470 169.71181243
-43.77082278 183.71764496
--------------------------Creature States----------------------------
-1 -1 -1 2 -1 -1 -1 18 -1 12 12 -1 -1 -1 -1 1 0 0 2 
---------------------------------------------------------------------
==================================================================================


==================================================================================
--------------------------Creature Joints----------------------------
-100.26546277 66.16101958
-28.37435154 83.70149068
-88.93459576 11.28286862
-16.07198303 29.06037311
-77.92092820 71.61278763
-46.09841199 80.40639110
-86.71453168 103.43530384
-53.92051396 112.46594071
-151.40443874 23.75269794
32.67414204 61.58471091
-221.53162578 0.00000000
82.03318574 0.00000000
-119.09275798 109.02745647
-109.10188201 159.07935096
-40.37042271 132.86528502
-47.33269507 178.30256922
--------------------------Creature States----------------------------
-1 -1 -1 1 -1 -1 -1 18 -1 2 11 -1 -1 -1 -1 3 0 0 6 
---------------------------------------------------------------------
==================================================================================


==================================================================================
--------------------------Creature Joints----------------------------
-155.75615802 161.65468984
-90.97089633 125.89339977
-184.56970893 113.59452668
-118.90897074 77.34997592
-135.62019830 150.53969428
-106.24621282 135.46756846
-120.54807248 179.91367976
-90.29861049 164.35829326
-228.73992598 67.69278541
-60.31931847 78.47687654
-258.73492264 0.00000000
-51.93053653 0.00000000
-148.51392845 207.90994433
-113.12411550 244.68725912
-52.83724599 159.16214048
-15.69658593 186.24703300
--------------------------Creature States----------------------------
-1 -1 -1 2 -1 -1 -1 16 -1 12 12 -1 -1 -1 -1 2 0 0 6 
---------------------------------------------------------------------
==================================================================================


