1  -2.41925
2  -4.74435
3  -19.5827
4  -36.1825
5  -54.6446
6  -75.8354
7  -70.8804
8  -44.2301
9  -39.2751
10  -12.6248
11  -7.66983
12  18.9804
13  23.9354
14  50.5857
15  55.5407
16  82.191
17  87.146
18  113.796
19  118.751
20  145.402
21  150.357
22  177.007
23  181.962
24  208.612
25  213.567
26  240.217
27  245.172
28  271.823
29  276.778
30  303.428
31  308.383
32  335.033
33  339.988
34  366.638
35  371.593
36  398.244
37  403.199
38  429.849
39  434.804
40  461.454
41  466.409
42  493.06
43  498.015
44  524.665
45  529.62
46  556.27
47  561.225
48  587.875
49  592.83
50  619.481
51  624.436
52  651.086
53  656.041
54  682.691
55  687.646
56  714.297
57  719.252
58  745.902
59  750.857
60  777.507
61  782.462
62  809.112
63  814.067
64  840.718
65  845.673
66  872.323
67  877.278
68  903.928
69  908.883
70  935.533
71  940.488
72  967.139
73  972.094
74  998.744
75  1003.7
76  1030.35
77  1035.3
78  1061.95
79  1066.91
80  1093.56
81  1098.51
82  1125.17
83  1130.12
84  1156.77
85  1161.73
86  1188.38
87  1193.33
88  1219.98
89  1224.94
90  1251.59
91  1256.54
92  1283.19
93  1288.15
94  1314.8
95  1319.75
96  1346.4
97  1351.36
98  1378.01
99  1382.96
100  1409.61
101  1414.57
102  1441.22
103  1446.17
104  1472.82
105  1477.78
106  1504.43
107  1509.38
108  1536.03
109  1540.99
110  1567.64
111  1572.59
112  1599.24
113  1604.2
114  1630.85
115  1635.8
116  1662.45
117  1667.41
118  1694.06
119  1699.02
120  1725.67
121  1730.62
122  1757.27
123  1762.23
124  1788.88
125  1793.83
126  1820.48
127  1825.44
128  1852.09
129  1857.04
130  1883.69
131  1888.65
132  1915.3
133  1920.25
134  1946.9
135  1951.86
136  1978.51
137  1983.46
138  2010.11
139  2015.07
140  2041.72
141  2046.67
142  2073.32
143  2078.28
144  2104.93
145  2109.88
146  2136.53
147  2141.49
148  2168.14
149  2173.09
150  2199.74
151  2204.7
152  2231.35
153  2236.3
154  2262.96
155  2267.91
156  2294.56
157  2299.52
158  2326.17
159  2331.12
160  2357.77
161  2362.73
162  2389.38
163  2394.33
164  2420.98
165  2425.94
166  2452.59
167  2457.54
168  2484.19
169  2489.15
170  2515.8
171  2520.75
172  2547.4
173  2552.36
174  2579.01
175  2583.96
176  2610.61
177  2615.57
178  2642.22
179  2647.17
180  2673.82
181  2678.78
182  2705.43
183  2710.38
184  2737.03
185  2741.99
186  2768.64
187  2773.59
188  2800.24
189  2805.2
190  2831.85
191  2836.81
192  2863.46
193  2868.41
194  2895.06
195  2900.02
196  2926.67
197  2931.62
198  2958.27
199  2963.23
200  2989.88
201  2994.83
202  3021.48
203  3026.44
204  3053.09
205  3058.04
206  3084.69
207  3089.65
208  3116.3
209  3121.25
210  3147.9
211  3152.86
212  3179.51
213  3184.46
214  3211.11
215  3216.07
216  3242.72
217  3247.67
218  3274.32
219  3279.28
220  3305.93
221  3310.88
222  3337.53
223  3342.49
224  3369.14
225  3374.09
226  3400.75
227  3405.7
228  3432.35
229  3437.31
230  3463.96
231  3468.91
232  3495.56
233  3500.52
234  3527.17
235  3532.12
236  3558.77
237  3563.73
238  3590.38
239  3595.33
240  3621.98
241  3626.94
242  3653.59
243  3658.54
244  3685.19
245  3690.15
246  3716.8
247  3721.75
248  3748.4
249  3753.36
250  3780.01
251  3784.96
252  3811.61
253  3816.57
254  3843.22
255  3848.17
256  3874.82
257  3879.78
258  3906.43
259  3911.38
260  3938.03
261  3942.99
262  3969.64
263  3974.6
264  4001.25
265  4006.2
266  4032.85
267  4037.81
268  4064.46
269  4069.41
270  4096.06
271  4101.02
272  4127.67
273  4132.62
274  4159.27
275  4164.23
276  4190.88
277  4195.83
278  4222.48
279  4227.44
280  4254.09
281  4259.04
282  4285.69
283  4290.65
284  4317.3
285  4322.25
286  4348.9
287  4353.86
288  4380.51
289  4385.46
290  4412.11
291  4417.07
292  4443.72
293  4448.67
294  4475.32
295  4480.28
296  4506.93
297  4511.88
298  4538.54
299  4543.49
300  4570.14
301  4575.1
302  4601.75
303  4606.7
304  4633.35
305  4638.31
306  4664.96
307  4669.91
308  4696.56
309  4701.52
310  4728.17
311  4733.12
312  4759.77
313  4764.73
314  4791.38
315  4796.33
316  4822.98
317  4827.94
318  4854.59
319  4859.54
320  4886.19
321  4891.15
322  4917.8
323  4922.75
324  4949.4
325  4954.36
326  4981.01
327  4985.96
328  5012.61
329  5017.57
330  5044.22
331  5049.17
332  5075.82
333  5080.78
334  5107.43
335  5112.39
336  5139.04
337  5143.99
338  5170.64
339  5175.6
340  5202.25
341  5207.2
342  5233.85
343  5238.81
344  5265.46
345  5270.41
346  5297.06
347  5302.02
348  5328.67
349  5333.62
350  5360.27
351  5365.23
352  5391.88
353  5396.83
354  5423.48
355  5428.44
356  5455.09
357  5460.04
358  5486.69
359  5491.65
360  5518.3
361  5523.25
362  5549.9
363  5554.86
364  5581.51
365  5586.46
366  5613.11
367  5618.07
368  5644.72
369  5649.67
370  5676.33
371  5681.28
372  5707.93
373  5712.89
374  5739.54
375  5744.49
376  5771.14
377  5776.1
378  5802.75
379  5807.7
380  5834.35
381  5839.31
382  5865.96
383  5870.91
384  5897.56
385  5902.52
386  5929.17
387  5934.12
388  5960.77
389  5965.73
390  5992.38
391  5997.33
392  6023.98
393  6028.94
394  6055.59
395  6060.54
396  6087.19
397  6092.15
398  6118.8
399  6123.75
400  6150.4
401  6155.36
402  6182.01
403  6186.96
404  6213.61
405  6218.57
406  6245.22
407  6250.18
408  6276.83
409  6281.78
410  6308.43
411  6313.39
412  6340.04
413  6344.99
414  6371.64
415  6376.6
416  6403.25
417  6408.2
418  6434.85
419  6439.81
420  6466.46
421  6471.41
422  6498.06
423  6503.02
424  6529.67
425  6534.62
426  6561.27
427  6566.23
428  6592.88
429  6597.83
430  6624.48
431  6629.44
432  6656.09
433  6661.04
434  6687.69
435  6692.65
436  6719.3
437  6724.25
438  6750.9
439  6755.86
440  6782.51
441  6787.46
442  6814.11
443  6819.07
444  6845.72
445  6850.68
446  6877.33
447  6882.28
448  6908.93
449  6913.89
450  6940.54
451  6945.49
452  6972.14
453  6977.1
454  7003.75
455  7008.7
456  7035.35
457  7040.31
458  7066.96
459  7071.91
460  7098.56
461  7103.52
462  7130.17
463  7135.12
464  7161.77
465  7166.73
466  7193.38
467  7198.33
468  7224.98
469  7229.94
470  7256.59
471  7261.54
472  7288.19
473  7293.15
474  7319.8
475  7324.75
476  7351.4
477  7356.36
478  7383.01
479  7387.96
480  7414.62
481  7419.57
482  7446.22
483  7451.18
484  7477.83
485  7482.78
486  7509.43
487  7514.39
488  7541.04
489  7545.99
490  7572.64
491  7577.6
492  7604.25
493  7609.2
494  7635.85
495  7640.81
496  7667.46
497  7672.41
498  7699.06
499  7704.02
500  7730.67
501  7735.62
502  7762.27
503  7767.23
504  7793.88
505  7798.83
506  7825.48
507  7830.44
508  7857.09
509  7862.04
510  7888.69
511  7893.65
512  7920.3
513  7925.25
514  7951.9
515  7956.86
516  7983.51
517  7988.47
518  8015.12
519  8020.07
520  8046.72
521  8051.68
522  8078.33
523  8083.28
524  8109.93
525  8114.89
526  8141.54
527  8146.49
528  8173.14
529  8178.1
530  8204.75
531  8209.7
532  8236.35
533  8241.31
534  8267.96
535  8272.91
536  8299.56
537  8304.52
538  8331.17
539  8336.12
540  8362.77
541  8367.73
542  8394.38
543  8399.33
544  8425.98
545  8430.94
546  8457.59
547  8462.54
548  8489.19
549  8494.15
550  8520.8
551  8525.75
552  8552.41
553  8557.36
554  8584.01
555  8588.97
556  8615.62
557  8620.57
558  8647.22
559  8652.18
560  8678.83
561  8683.78
562  8710.43
563  8715.39
564  8742.04
565  8746.99
566  8773.64
567  8778.6
568  8805.25
569  8810.2
570  8836.85
571  8841.81
572  8868.46
573  8873.41
574  8900.06
575  8905.02
576  8931.67
577  8936.62
578  8963.27
579  8968.23
580  8994.88
581  8999.83
582  9026.48
583  9031.44
584  9058.09
585  9063.04
586  9089.69
587  9094.65
588  9121.3
589  9126.26
590  9152.91
591  9157.86
592  9184.51
593  9189.47
594  9216.12
595  9221.07
596  9247.72
597  9252.68
598  9279.33
599  9284.28
600  9310.93
601  9315.89
602  9342.54
603  9347.49
604  9374.14
605  9379.1
606  9405.75
607  9410.7
608  9437.35
609  9442.31
610  9468.96
611  9473.91
612  9500.56
613  9505.52
614  9532.17
615  9537.12
616  9563.77
617  9568.73
618  9595.38
619  9600.33
620  9626.98
621  9631.94
622  9658.59
623  9663.54
624  9690.2
625  9695.15
626  9721.8
627  9726.76
628  9753.41
629  9758.36
630  9785.01
631  9789.97
632  9816.62
633  9821.57
634  9848.22
635  9853.18
636  9879.83
637  9884.78
638  9911.43
639  9916.39
640  9943.04
641  9947.99
642  9974.64
643  9979.6
644  10006.2
645  10011.2
646  10037.9
647  10042.8
648  10069.5
649  10074.4
650  10101.1
651  10106
652  10132.7
653  10137.6
654  10164.3
655  10169.2
656  10195.9
657  10200.8
658  10227.5
659  10232.4
660  10259.1
661  10264
662  10290.7
663  10295.7
664  10322.3
665  10327.3
666  10353.9
667  10358.9
668  10385.5
669  10390.5
670  10417.1
671  10422.1
672  10448.7
673  10453.7
674  10480.3
675  10485.3
676  10511.9
677  10516.9
678  10543.5
679  10548.5
680  10575.1
681  10580.1
682  10606.7
683  10611.7
684  10638.4
685  10643.3
686  10670
687  10674.9
688  10701.6
689  10706.5
690  10733.2
691  10738.1
692  10764.8
693  10769.7
694  10796.4
695  10801.3
696  10828
697  10832.9
698  10859.6
699  10864.5
700  10891.2
701  10896.2
702  10922.8
703  10927.8
704  10954.4
705  10959.4
706  10986
707  10991
708  11017.6
709  11022.6
710  11049.2
711  11054.2
712  11080.8
713  11085.8
714  11112.4
715  11117.4
716  11144
717  11149
718  11175.6
719  11180.6
720  11207.2
721  11212.2
722  11238.9
723  11243.8
724  11270.5
725  11275.4
726  11302.1
727  11307
728  11333.7
729  11338.6
730  11365.3
731  11370.2
732  11396.9
733  11401.8
734  11428.5
735  11433.4
736  11460.1
737  11465
738  11491.7
739  11496.7
740  11523.3
741  11528.3
742  11554.9
743  11559.9
744  11586.5
745  11591.5
746  11618.1
747  11623.1
748  11649.7
749  11654.7
750  11681.3
751  11686.3
752  11712.9
753  11717.9
754  11744.5
755  11749.5
756  11776.1
757  11781.1
758  11807.7
759  11812.7
760  11839.4
761  11844.3
762  11871
763  11875.9
764  11902.6
765  11907.5
766  11934.2
767  11939.1
768  11965.8
769  11970.7
770  11997.4
771  12002.3
772  12029
773  12033.9
774  12060.6
775  12065.5
776  12092.2
777  12097.2
778  12123.8
779  12128.8
780  12155.4
781  12160.4
782  12187
783  12192
784  12218.6
785  12223.6
786  12250.2
787  12255.2
788  12281.8
789  12286.8
790  12313.4
791  12318.4
792  12345
793  12350
794  12376.6
795  12381.6
796  12408.2
797  12413.2
798  12439.9
799  12444.8
800  12471.5
801  12476.4
802  12503.1
803  12508
804  12534.7
805  12539.6
806  12566.3
807  12571.2
808  12597.9
809  12602.8
810  12629.5
811  12634.4
812  12661.1
813  12666
814  12692.7
815  12697.7
816  12724.3
817  12729.3
818  12755.9
819  12760.9
820  12787.5
821  12792.5
822  12819.1
823  12824.1
824  12850.7
825  12855.7
826  12882.3
827  12887.3
828  12913.9
829  12918.9
830  12945.5
831  12950.5
832  12977.1
833  12982.1
834  13008.7
835  13013.7
836  13040.4
837  13045.3
838  13072
839  13076.9
840  13103.6
841  13108.5
842  13135.2
843  13140.1
844  13166.8
845  13171.7
846  13198.4
847  13203.3
848  13230
849  13234.9
850  13261.6
851  13266.5
852  13293.2
853  13298.2
854  13324.8
855  13329.8
856  13356.4
857  13361.4
858  13388
859  13393
860  13419.6
861  13424.6
862  13451.2
863  13456.2
864  13482.8
865  13487.8
866  13514.4
867  13519.4
868  13546
869  13551
870  13577.6
871  13582.6
872  13609.2
873  13614.2
874  13640.9
875  13645.8
876  13672.5
877  13677.4
878  13704.1
879  13709
880  13735.7
881  13740.6
882  13767.3
883  13772.2
884  13798.9
885  13803.8
886  13830.5
887  13835.4
888  13862.1
889  13867
890  13893.7
891  13898.7
892  13925.3
893  13930.3
894  13956.9
895  13961.9
896  13988.5
897  13993.5
898  14020.1
899  14025.1
900  14051.7
901  14056.7
902  14083.3
903  14088.3
904  14114.9
905  14119.9
906  14146.5
907  14151.5
908  14178.1
909  14183.1
910  14209.7
911  14214.7
912  14241.4
913  14246.3
914  14273
915  14277.9
916  14304.6
917  14309.5
918  14336.2
919  14341.1
920  14367.8
921  14372.7
922  14399.4
923  14404.3
924  14431
925  14435.9
926  14462.6
927  14467.5
928  14494.2
929  14499.2
930  14525.8
931  14530.8
932  14557.4
933  14562.4
934  14589
935  14594
936  14620.6
937  14625.6
938  14652.2
939  14657.2
940  14683.8
941  14688.8
942  14715.4
943  14720.4
944  14747
945  14752
946  14778.6
947  14783.6
948  14810.3
949  14815.2
950  14841.9
951  14846.8
952  14873.5
953  14878.4
954  14905.1
955  14910
956  14936.7
957  14941.6
958  14968.3
959  14973.2
960  14999.9
961  15004.8
962  15031.5
963  15036.4
964  15063.1
965  15068
966  15094.7
967  15099.7
968  15126.3
969  15131.3
970  15157.9
971  15162.9
972  15189.5
973  15194.5
974  15221.1
975  15226.1
976  15252.7
977  15257.7
978  15284.3
979  15289.3
980  15315.9
981  15320.9
982  15347.5
983  15352.5
984  15379.1
985  15384.1
986  15410.8
987  15415.7
988  15442.4
989  15447.3
990  15474
991  15478.9
992  15505.6
993  15510.5
994  15537.2
995  15542.1
996  15568.8
997  15573.7
998  15600.4
999  15605.3
1000  15632
1001  15636.9
1002  15663.6
1003  15668.5
1004  15695.2
1005  15700.2
1006  15726.8
1007  15731.8
1008  15758.4
1009  15763.4
1010  15790
1011  15795
1012  15821.6
1013  15826.6
1014  15853.2
1015  15858.2
1016  15884.8
1017  15889.8
1018  15916.4
1019  15921.4
1020  15948
1021  15953
1022  15979.6
1023  15984.6
1024  16011.3
1025  16016.2
1026  16042.9
1027  16047.8
1028  16074.5
1029  16079.4
1030  16106.1
1031  16111
1032  16137.7
1033  16142.6
1034  16169.3
1035  16174.2
1036  16200.9
1037  16205.8
1038  16232.5
1039  16237.4
1040  16264.1
1041  16269
1042  16295.7
1043  16300.7
1044  16327.3
1045  16332.3
1046  16358.9
1047  16363.9
1048  16390.5
1049  16395.5
1050  16422.1
1051  16427.1
1052  16453.7
1053  16458.7
1054  16485.3
1055  16490.3
1056  16516.9
1057  16521.9
1058  16548.5
1059  16553.5
1060  16580.1
1061  16585.1
1062  16611.8
1063  16616.7
1064  16643.4
1065  16648.3
1066  16675
1067  16679.9
1068  16706.6
1069  16711.5
1070  16738.2
1071  16743.1
1072  16769.8
1073  16774.7
1074  16801.4
1075  16806.3
1076  16833
1077  16837.9
1078  16864.6
1079  16869.5
1080  16896.2
1081  16901.2
1082  16927.8
1083  16932.8
1084  16959.4
1085  16964.4
1086  16991
1087  16996
1088  17022.6
1089  17027.6
1090  17054.2
1091  17059.2
1092  17085.8
1093  17090.8
1094  17117.4
1095  17122.4
1096  17149
1097  17154
1098  17180.6
1099  17185.6
1100  17212.3
1101  17217.2
1102  17243.9
1103  17248.8
1104  17275.5
1105  17280.4
1106  17307.1
1107  17312
1108  17338.7
1109  17343.6
1110  17370.3
1111  17375.2
1112  17401.9
1113  17406.8
1114  17433.5
1115  17438.4
1116  17465.1
1117  17470
1118  17496.7
1119  17501.7
1120  17528.3
1121  17533.3
1122  17559.9
1123  17564.9
1124  17591.5
1125  17596.5
1126  17623.1
1127  17628.1
1128  17654.7
1129  17659.7
1130  17686.3
1131  17691.3
1132  17717.9
1133  17722.9
1134  17749.5
1135  17754.5
1136  17781.1
1137  17786.1
1138  17812.8
1139  17817.7
1140  17844.4
1141  17849.3
1142  17876
1143  17880.9
1144  17907.6
1145  17912.5
1146  17939.2
1147  17944.1
1148  17970.8
1149  17975.7
1150  18002.4
1151  18007.3
1152  18034
1153  18038.9
1154  18065.6
1155  18070.5
1156  18097.2
1157  18102.2
1158  18128.8
1159  18133.8
1160  18160.4
1161  18165.4
1162  18192
1163  18197
1164  18223.6
1165  18228.6
1166  18255.2
1167  18260.2
1168  18286.8
1169  18291.8
1170  18318.4
1171  18323.4
1172  18350
1173  18355
1174  18381.6
1175  18386.6
1176  18413.3
1177  18418.2
1178  18444.9
1179  18449.8
1180  18476.5
1181  18481.4
1182  18508.1
1183  18513
1184  18539.7
1185  18544.6
1186  18571.3
1187  18576.2
1188  18602.9
1189  18607.8
1190  18634.5
1191  18639.4
1192  18666.1
1193  18671
1194  18697.7
1195  18702.7
1196  18729.3
1197  18734.3
1198  18760.9
1199  18765.9
1200  18792.5
1201  18797.5
1202  18824.1
1203  18829.1
1204  18855.7
1205  18860.7
1206  18887.3
1207  18892.3
1208  18918.9
1209  18923.9
1210  18950.5
1211  18955.5
1212  18982.1
1213  18987.1
1214  19013.8
1215  19018.7
1216  19045.4
1217  19050.3
1218  19077
1219  19081.9
1220  19108.6
1221  19113.5
1222  19140.2
1223  19145.1
1224  19171.8
1225  19176.7
1226  19203.4
1227  19208.3
1228  19235
1229  19239.9
1230  19266.6
1231  19271.5
1232  19298.2
1233  19303.2
1234  19329.8
1235  19334.8
1236  19361.4
1237  19366.4
1238  19393
1239  19398
1240  19424.6
1241  19429.6
1242  19456.2
1243  19461.2
1244  19487.8
1245  19492.8
1246  19519.4
1247  19524.4
1248  19551
1249  19556
1250  19582.6
1251  19587.6
1252  19614.3
1253  19619.2
1254  19645.9
1255  19650.8
1256  19677.5
1257  19682.4
1258  19709.1
1259  19714
1260  19740.7
1261  19745.6
1262  19772.3
1263  19777.2
1264  19803.9
1265  19808.8
1266  19835.5
1267  19840.4
1268  19867.1
1269  19872
1270  19898.7
1271  19903.7
1272  19930.3
1273  19935.3
1274  19961.9
1275  19966.9
1276  19993.5
1277  19998.5
1278  20025.1
1279  20030.1
1280  20056.7
1281  20061.7
1282  20088.3
1283  20093.3
1284  20119.9
1285  20124.9
1286  20151.5
1287  20156.5
1288  20183.1
1289  20188.1
1290  20214.8
1291  20219.7
1292  20246.4
1293  20251.3
1294  20278
1295  20282.9
1296  20309.6
1297  20314.5
1298  20341.2
1299  20346.1
1300  20372.8
1301  20377.7
1302  20404.4
1303  20409.3
1304  20436
1305  20440.9
1306  20467.6
1307  20472.5
1308  20499.2
1309  20504.2
1310  20530.8
1311  20535.8
1312  20562.4
1313  20567.4
1314  20594
1315  20599
1316  20625.6
1317  20630.6
1318  20657.2
1319  20662.2
1320  20688.8
1321  20693.8
1322  20720.4
1323  20725.4
1324  20752
1325  20757
1326  20783.6
1327  20788.6
1328  20815.3
1329  20820.2
1330  20846.9
1331  20851.8
1332  20878.5
1333  20883.4
1334  20910.1
1335  20915
1336  20941.7
1337  20946.6
1338  20973.3
1339  20978.2
1340  21004.9
1341  21009.8
1342  21036.5
1343  21041.4
1344  21068.1
1345  21073
1346  21099.7
1347  21104.7
1348  21131.3
1349  21136.3
1350  21162.9
1351  21167.9
1352  21194.5
1353  21199.5
1354  21226.1
1355  21231.1
1356  21257.7
1357  21262.7
1358  21289.3
1359  21294.3
1360  21320.9
1361  21325.9
1362  21352.5
1363  21357.5
1364  21384.1
1365  21389.1
1366  21415.8
1367  21420.7
1368  21447.4
1369  21452.3
1370  21479
1371  21483.9
1372  21510.6
1373  21515.5
1374  21542.2
1375  21547.1
1376  21573.8
1377  21578.7
1378  21605.4
1379  21610.3
1380  21637
1381  21641.9
1382  21668.6
1383  21673.6
1384  21700.2
1385  21705.2
1386  21731.8
1387  21736.8
1388  21763.4
1389  21768.4
1390  21795
1391  21800
1392  21826.6
1393  21831.6
1394  21858.2
1395  21863.2
1396  21889.8
1397  21894.8
1398  21921.4
1399  21926.4
1400  21953
1401  21958
1402  21984.6
1403  21989.6
1404  22016.3
1405  22021.2
1406  22047.9
1407  22052.8
1408  22079.5
1409  22084.4
1410  22111.1
1411  22116
1412  22142.7
1413  22147.6
1414  22174.3
1415  22179.2
1416  22205.9
1417  22210.8
1418  22237.5
1419  22242.4
1420  22269.1
1421  22274.1
1422  22300.7
1423  22305.7
1424  22332.3
1425  22337.3
1426  22363.9
1427  22368.9
1428  22395.5
1429  22400.5
1430  22427.1
1431  22432.1
1432  22458.7
1433  22463.7
1434  22490.3
1435  22495.3
1436  22521.9
1437  22526.9
1438  22553.5
1439  22558.5
1440  22585.1
1441  22590.1
1442  22616.8
1443  22621.7
1444  22648.4
1445  22653.3
1446  22680
1447  22684.9
1448  22711.6
1449  22716.5
1450  22743.2
1451  22748.1
1452  22774.8
1453  22779.7
1454  22806.4
1455  22811.3
1456  22838
1457  22842.9
1458  22869.6
1459  22874.6
1460  22901.2
1461  22906.2
1462  22932.8
1463  22937.8
1464  22964.4
1465  22969.4
1466  22996
1467  23001
1468  23027.6
1469  23032.6
1470  23059.2
1471  23064.2
1472  23090.8
1473  23095.8
1474  23122.4
1475  23127.4
1476  23154
1477  23159
1478  23185.6
1479  23190.6
1480  23217.3
1481  23222.2
1482  23248.9
1483  23253.8
1484  23280.5
1485  23285.4
1486  23312.1
1487  23317
1488  23343.7
1489  23348.6
1490  23375.3
1491  23380.2
1492  23406.9
1493  23411.8
1494  23438.5
1495  23443.4
1496  23470.1
1497  23475.1
1498  23501.7
1499  23506.7
1500  23533.3
1501  23538.3
1502  23564.9
1503  23569.9
1504  23596.5
1505  23601.5
1506  23628.1
1507  23633.1
1508  23659.7
1509  23664.7
1510  23691.3
1511  23696.3
1512  23722.9
1513  23727.9
1514  23754.5
1515  23759.5
1516  23786.1
1517  23791.1
1518  23817.8
1519  23822.7
1520  23849.4
1521  23854.3
1522  23881
1523  23885.9
1524  23912.6
1525  23917.5
1526  23944.2
1527  23949.1
1528  23975.8
1529  23980.7
1530  24007.4
1531  24012.3
1532  24039
1533  24043.9
1534  24070.6
1535  24075.6
1536  24102.2
1537  24107.2
1538  24133.8
1539  24138.8
1540  24165.4
1541  24170.4
1542  24197
1543  24202
1544  24228.6
1545  24233.6
1546  24260.2
1547  24265.2
1548  24291.8
1549  24296.8
1550  24323.4
1551  24328.4
1552  24355
1553  24360
1554  24386.6
1555  24391.6
1556  24418.3
1557  24423.2
1558  24449.9
1559  24454.8
1560  24481.5
1561  24486.4
1562  24513.1
1563  24518
1564  24544.7
1565  24549.6
1566  24576.3
1567  24581.2
1568  24607.9
1569  24612.8
1570  24639.5
1571  24644.4
1572  24671.1
1573  24676.1
1574  24702.7
1575  24707.7
1576  24734.3
1577  24739.3
1578  24765.9
1579  24770.9
1580  24797.5
1581  24802.5
1582  24829.1
1583  24834.1
1584  24860.7
1585  24865.7
1586  24892.3
1587  24897.3
1588  24923.9
1589  24928.9
1590  24955.5
1591  24960.5
1592  24987.1
1593  24992.1
1594  25018.8
1595  25023.7
1596  25050.4
1597  25055.3
1598  25082
1599  25086.9
1600  25113.6
1601  25118.5
1602  25145.2
1603  25150.1
1604  25176.8
1605  25181.7
1606  25208.4
1607  25213.3
1608  25240
1609  25244.9
1610  25271.6
1611  25276.6
1612  25303.2
1613  25308.2
1614  25334.8
1615  25339.8
1616  25366.4
1617  25371.4
1618  25398
1619  25403
1620  25429.6
1621  25434.6
1622  25461.2
1623  25466.2
1624  25492.8
1625  25497.8
1626  25524.4
1627  25529.4
1628  25556
1629  25561
1630  25587.6
1631  25592.6
1632  25619.3
1633  25624.2
1634  25650.9
1635  25655.8
1636  25682.5
1637  25687.4
1638  25714.1
1639  25719
1640  25745.7
1641  25750.6
1642  25777.3
1643  25782.2
1644  25808.9
1645  25813.8
1646  25840.5
1647  25845.4
1648  25872.1
1649  25877.1
1650  25903.7
1651  25908.7
1652  25935.3
1653  25940.3
1654  25966.9
1655  25971.9
1656  25998.5
1657  26003.5
1658  26030.1
1659  26035.1
1660  26061.7
1661  26066.7
1662  26093.3
1663  26098.3
1664  26124.9
1665  26129.9
1666  26156.5
1667  26161.5
1668  26188.1
1669  26193.1
1670  26219.8
1671  26224.7
1672  26251.4
1673  26256.3
1674  26283
1675  26287.9
1676  26314.6
1677  26319.5
1678  26346.2
1679  26351.1
1680  26377.8
1681  26382.7
1682  26409.4
1683  26414.3
1684  26441
1685  26445.9
1686  26472.6
1687  26477.6
1688  26504.2
1689  26509.2
1690  26535.8
1691  26540.8
1692  26567.4
1693  26572.4
1694  26599
1695  26604
1696  26630.6
1697  26635.6
1698  26662.2
1699  26667.2
1700  26693.8
1701  26698.8
1702  26725.4
1703  26730.4
1704  26757
1705  26762
1706  26788.7
1707  26793.6
1708  26820.3
1709  26825.2
1710  26851.9
1711  26856.8
1712  26883.5
1713  26888.4
1714  26915.1
1715  26920
1716  26946.7
1717  26951.6
1718  26978.3
1719  26983.2
1720  27009.9
1721  27014.8
1722  27041.5
1723  27046.4
1724  27073.1
1725  27078.1
1726  27104.7
1727  27109.7
1728  27136.3
1729  27141.3
1730  27167.9
1731  27172.9
1732  27199.5
1733  27204.5
1734  27231.1
1735  27236.1
1736  27262.7
1737  27267.7
1738  27294.3
1739  27299.3
1740  27325.9
1741  27330.9
1742  27357.5
1743  27362.5
1744  27389.2
1745  27394.1
1746  27420.8
1747  27425.7
1748  27452.4
1749  27457.3
1750  27484
1751  27488.9
1752  27515.6
1753  27520.5
1754  27547.2
1755  27552.1
1756  27578.8
1757  27583.7
1758  27610.4
1759  27615.3
1760  27642
1761  27646.9
1762  27673.6
1763  27678.6
1764  27705.2
1765  27710.2
1766  27736.8
1767  27741.8
1768  27768.4
1769  27773.4
1770  27800
1771  27805
1772  27831.6
1773  27836.6
1774  27863.2
1775  27868.2
1776  27894.8
1777  27899.8
1778  27926.4
1779  27931.4
1780  27958
1781  27963
1782  27989.7
1783  27994.6
1784  28021.3
1785  28026.2
1786  28052.9
1787  28057.8
1788  28084.5
1789  28089.4
1790  28116.1
1791  28121
1792  28147.7
1793  28152.6
1794  28179.3
1795  28184.2
1796  28210.9
1797  28215.8
1798  28242.5
1799  28247.4
1800  28274.1
1801  28279.1
1802  28305.7
1803  28310.7
1804  28337.3
1805  28342.3
1806  28368.9
1807  28373.9
1808  28400.5
1809  28405.5
1810  28432.1
1811  28437.1
1812  28463.7
1813  28468.7
1814  28495.3
1815  28500.3
1816  28526.9
1817  28531.9
1818  28558.5
1819  28563.5
1820  28590.2
1821  28595.1
1822  28621.8
1823  28626.7
1824  28653.4
1825  28658.3
1826  28685
1827  28689.9
1828  28716.6
1829  28721.5
1830  28748.2
1831  28753.1
1832  28779.8
1833  28784.7
1834  28811.4
1835  28816.3
1836  28843
1837  28847.9
1838  28874.6
1839  28879.6
1840  28906.2
1841  28911.2
1842  28937.8
1843  28942.8
1844  28969.4
1845  28974.4
1846  29001
1847  29006
1848  29032.6
1849  29037.6
1850  29064.2
1851  29069.2
1852  29095.8
1853  29100.8
1854  29127.4
1855  29132.4
1856  29159
1857  29164
1858  29190.7
1859  29195.6
1860  29222.3
1861  29227.2
1862  29253.9
1863  29258.8
1864  29285.5
1865  29290.4
1866  29317.1
1867  29322
1868  29348.7
1869  29353.6
1870  29380.3
1871  29385.2
1872  29411.9
1873  29416.8
1874  29443.5
1875  29448.4
1876  29475.1
1877  29480.1
1878  29506.7
1879  29511.7
1880  29538.3
1881  29543.3
1882  29569.9
1883  29574.9
1884  29601.5
1885  29606.5
1886  29633.1
1887  29638.1
1888  29664.7
1889  29669.7
1890  29696.3
1891  29701.3
1892  29727.9
1893  29732.9
1894  29759.5
1895  29764.5
1896  29791.2
1897  29796.1
1898  29822.8
1899  29827.7
1900  29854.4
1901  29859.3
1902  29886
1903  29890.9
1904  29917.6
1905  29922.5
1906  29949.2
1907  29954.1
1908  29980.8
1909  29985.7
1910  30012.4
1911  30017.3
1912  30044
1913  30048.9
1914  30075.6
1915  30080.6
1916  30107.2
1917  30112.2
1918  30138.8
1919  30143.8
1920  30170.4
1921  30175.4
1922  30202
1923  30207
1924  30233.6
1925  30238.6
1926  30265.2
1927  30270.2
1928  30296.8
1929  30301.8
1930  30328.4
1931  30333.4
1932  30360
1933  30365
1934  30391.7
1935  30396.6
1936  30423.3
1937  30428.2
1938  30454.9
1939  30459.8
1940  30486.5
1941  30491.4
1942  30518.1
1943  30523
1944  30549.7
1945  30554.6
1946  30581.3
1947  30586.2
1948  30612.9
1949  30617.8
1950  30644.5
1951  30649.4
1952  30676.1
1953  30681.1
1954  30707.7
1955  30712.7
1956  30739.3
1957  30744.3
1958  30770.9
1959  30775.9
1960  30802.5
1961  30807.5
1962  30834.1
1963  30839.1
1964  30865.7
1965  30870.7
1966  30897.3
1967  30902.3
1968  30928.9
1969  30933.9
1970  30960.5
1971  30965.5
1972  30992.2
1973  30997.1
1974  31023.8
1975  31028.7
1976  31055.4
1977  31060.3
1978  31087
1979  31091.9
1980  31118.6
1981  31123.5
1982  31150.2
1983  31155.1
1984  31181.8
1985  31186.7
1986  31213.4
1987  31218.3
1988  31245
1989  31249.9
1990  31276.6
1991  31281.6
1992  31308.2
1993  31313.2
1994  31339.8
1995  31344.8
1996  31371.4
1997  31376.4
1998  31403
1999  31408
2000  31434.6
2001  31439.6
2002  31466.2
2003  31471.2
2004  31497.8
2005  31502.8
2006  31529.4
2007  31534.4
2008  31561
2009  31566
2010  31592.7
2011  31597.6
2012  31624.3
2013  31629.2
2014  31655.9
2015  31660.8
2016  31687.5
2017  31692.4
2018  31719.1
2019  31724
2020  31750.7
2021  31755.6
2022  31782.3
2023  31787.2
2024  31813.9
2025  31818.8
2026  31845.5
2027  31850.4
2028  31877.1
2029  31882.1
2030  31908.7
2031  31913.7
2032  31940.3
2033  31945.3
2034  31971.9
2035  31976.9
2036  32003.5
2037  32008.5
2038  32035.1
2039  32040.1
2040  32066.7
2041  32071.7
2042  32098.3
2043  32103.3
2044  32129.9
2045  32134.9
2046  32161.5
2047  32166.5
2048  32193.2
2049  32198.1
2050  32224.8
2051  32229.7
2052  32256.4
2053  32261.3
2054  32288
2055  32292.9
2056  32319.6
2057  32324.5
2058  32351.2
2059  32356.1
2060  32382.8
2061  32387.7
2062  32414.4
2063  32419.3
2064  32446
2065  32450.9
2066  32477.6
2067  32482.6
2068  32509.2
2069  32514.2
2070  32540.8
2071  32545.8
2072  32572.4
2073  32577.4
2074  32604
2075  32609
2076  32635.6
2077  32640.6
2078  32667.2
2079  32672.2
2080  32698.8
2081  32703.8
2082  32730.4
2083  32735.4
2084  32762
2085  32767
2086  32793.7
2087  32798.6
2088  32825.3
2089  32830.2
2090  32856.9
2091  32861.8
2092  32888.5
2093  32893.4
2094  32920.1
2095  32925
2096  32951.7
2097  32956.6
2098  32983.3
2099  32988.2
2100  33014.9
2101  33019.8
2102  33046.5
2103  33051.4
2104  33078.1
2105  33083.1
2106  33109.7
2107  33114.7
2108  33141.3
2109  33146.3
2110  33172.9
2111  33177.9
2112  33204.5
2113  33209.5
2114  33236.1
2115  33241.1
2116  33267.7
2117  33272.7
2118  33299.3
2119  33304.3
2120  33330.9
2121  33335.9
2122  33362.5
2123  33367.5
2124  33394.2
2125  33399.1
2126  33425.8
2127  33430.7
2128  33457.4
2129  33462.3
2130  33489
2131  33493.9
2132  33520.6
2133  33525.5
2134  33552.2
2135  33557.1
2136  33583.8
2137  33588.7
2138  33615.4
2139  33620.3
2140  33647
2141  33652
2142  33678.6
2143  33683.6
2144  33710.2
2145  33715.2
2146  33741.8
2147  33746.8
2148  33773.4
2149  33778.4
2150  33805
2151  33810
2152  33836.6
2153  33841.6
2154  33868.2
2155  33873.2
2156  33899.8
2157  33904.8
2158  33931.4
2159  33936.4
2160  33963
2161  33968
2162  33994.7
2163  33999.6
2164  34026.3
2165  34031.2
2166  34057.9
2167  34062.8
2168  34089.5
2169  34094.4
2170  34121.1
2171  34126
2172  34152.7
2173  34157.6
2174  34184.3
2175  34189.2
2176  34215.9
2177  34220.8
2178  34247.5
2179  34252.5
2180  34279.1
2181  34284.1
2182  34310.7
2183  34315.7
2184  34342.3
2185  34347.3
2186  34373.9
2187  34378.9
2188  34405.5
2189  34410.5
2190  34437.1
2191  34442.1
2192  34468.7
2193  34473.7
2194  34500.3
2195  34505.3
2196  34531.9
2197  34536.9
2198  34563.5
2199  34568.5
2200  34595.2
2201  34600.1
2202  34626.8
2203  34631.7
2204  34658.4
2205  34663.3
2206  34690
2207  34694.9
2208  34721.6
2209  34726.5
2210  34753.2
2211  34758.1
2212  34784.8
2213  34789.7
2214  34816.4
2215  34821.3
2216  34848
2217  34853
2218  34879.6
2219  34884.6
2220  34911.2
2221  34916.2
2222  34942.8
2223  34947.8
2224  34974.4
2225  34979.4
2226  35006
2227  35011
2228  35037.6
2229  35042.6
2230  35069.2
2231  35074.2
2232  35100.8
2233  35105.8
2234  35132.4
2235  35137.4
2236  35164
2237  35169
2238  35195.7
2239  35200.6
2240  35227.3
2241  35232.2
2242  35258.9
2243  35263.8
2244  35290.5
2245  35295.4
2246  35322.1
2247  35327
2248  35353.7
2249  35358.6
2250  35385.3
2251  35390.2
2252  35416.9
2253  35421.8
2254  35448.5
2255  35453.5
2256  35480.1
2257  35485.1
2258  35511.7
2259  35516.7
2260  35543.3
2261  35548.3
2262  35574.9
2263  35579.9
2264  35606.5
2265  35611.5
2266  35638.1
2267  35643.1
2268  35669.7
2269  35674.7
2270  35701.3
2271  35706.3
2272  35732.9
2273  35737.9
2274  35764.5
2275  35769.5
2276  35796.2
2277  35801.1
2278  35827.8
2279  35832.7
2280  35859.4
2281  35864.3
2282  35891
2283  35895.9
2284  35922.6
2285  35927.5
2286  35954.2
2287  35959.1
2288  35985.8
2289  35990.7
2290  36017.4
2291  36022.3
2292  36049
2293  36054
2294  36080.6
2295  36085.6
2296  36112.2
2297  36117.2
2298  36143.8
2299  36148.8
2300  36175.4
2301  36180.4
2302  36207
2303  36212
2304  36238.6
2305  36243.6
2306  36270.2
2307  36275.2
2308  36301.8
2309  36306.8
2310  36333.4
2311  36338.4
2312  36365
2313  36370
2314  36396.7
2315  36401.6
2316  36428.3
2317  36433.2
2318  36459.9
2319  36464.8
2320  36491.5
2321  36496.4
2322  36523.1
2323  36528
2324  36554.7
2325  36559.6
2326  36586.3
2327  36591.2
2328  36617.9
2329  36622.8
2330  36649.5
2331  36654.5
2332  36681.1
2333  36686.1
2334  36712.7
2335  36717.7
2336  36744.3
2337  36749.3
2338  36775.9
2339  36780.9
2340  36807.5
2341  36812.5
2342  36839.1
2343  36844.1
2344  36870.7
2345  36875.7
2346  36902.3
2347  36907.3
2348  36933.9
2349  36938.9
2350  36965.5
2351  36970.5
2352  36997.2
2353  37002.1
2354  37028.8
2355  37033.7
2356  37060.4
2357  37065.3
2358  37092
2359  37096.9
2360  37123.6
2361  37128.5
2362  37155.2
2363  37160.1
2364  37186.8
2365  37191.7
2366  37218.4
2367  37223.3
2368  37250
2369  37255
2370  37281.6
2371  37286.6
2372  37313.2
2373  37318.2
2374  37344.8
2375  37349.8
2376  37376.4
2377  37381.4
2378  37408
2379  37413
2380  37439.6
2381  37444.6
2382  37471.2
2383  37476.2
2384  37502.8
2385  37507.8
2386  37534.4
2387  37539.4
2388  37566
2389  37571
2390  37597.7
2391  37602.6
2392  37629.3
2393  37634.2
2394  37660.9
2395  37665.8
2396  37692.5
2397  37697.4
2398  37724.1
2399  37729
2400  37755.7
2401  37760.6
2402  37787.3
2403  37792.2
2404  37818.9
2405  37823.8
2406  37850.5
2407  37855.5
2408  37882.1
2409  37887.1
2410  37913.7
2411  37918.7
2412  37945.3
2413  37950.3
2414  37976.9
2415  37981.9
2416  38008.5
2417  38013.5
2418  38040.1
2419  38045.1
2420  38071.7
2421  38076.7
2422  38103.3
2423  38108.3
2424  38134.9
2425  38139.9
2426  38166.5
2427  38171.5
2428  38198.2
2429  38203.1
2430  38229.8
2431  38234.7
2432  38261.4
2433  38266.3
2434  38293
2435  38297.9
2436  38324.6
2437  38329.5
2438  38356.2
2439  38361.1
2440  38387.8
2441  38392.7
2442  38419.4
2443  38424.3
2444  38451
2445  38456
2446  38482.6
2447  38487.6
2448  38514.2
2449  38519.2
2450  38545.8
2451  38550.8
2452  38577.4
2453  38582.4
2454  38609
2455  38614
2456  38640.6
2457  38645.6
2458  38672.2
2459  38677.2
2460  38703.8
2461  38708.8
2462  38735.4
2463  38740.4
2464  38767.1
2465  38772
2466  38798.7
2467  38803.6
2468  38830.3
2469  38835.2
2470  38861.9
2471  38866.8
2472  38893.5
2473  38898.4
2474  38925.1
2475  38930
2476  38956.7
2477  38961.6
2478  38988.3
2479  38993.2
2480  39019.9
2481  39024.8
2482  39051.5
2483  39056.5
2484  39083.1
2485  39088.1
2486  39114.7
2487  39119.7
2488  39146.3
2489  39151.3
2490  39177.9
2491  39182.9
2492  39209.5
2493  39214.5
2494  39241.1
2495  39246.1
2496  39272.7
2497  39277.7
2498  39304.3
2499  39309.3
2500  39335.9
2501  39340.9
2502  39367.6
2503  39372.5
2504  39399.2
2505  39404.1
2506  39430.8
2507  39435.7
2508  39462.4
2509  39467.3
2510  39494
2511  39498.9
2512  39525.6
2513  39530.5
2514  39557.2
2515  39562.1
2516  39588.8
2517  39593.7
2518  39620.4
2519  39625.3
2520  39652
2521  39657
2522  39683.6
2523  39688.6
2524  39715.2
2525  39720.2
2526  39746.8
2527  39751.8
2528  39778.4
2529  39783.4
2530  39810
2531  39815
2532  39841.6
2533  39846.6
2534  39873.2
2535  39878.2
2536  39904.8
2537  39909.8
2538  39936.4
2539  39941.4
2540  39968.1
2541  39973
2542  39999.7
2543  40004.6
2544  40031.3
2545  40036.2
2546  40062.9
2547  40067.8
2548  40094.5
2549  40099.4
2550  40126.1
2551  40131
2552  40157.7
2553  40162.6
2554  40189.3
2555  40194.2
2556  40220.9
2557  40225.8
2558  40252.5
2559  40257.5
2560  40284.1
2561  40289.1
2562  40315.7
2563  40320.7
2564  40347.3
2565  40352.3
2566  40378.9
2567  40383.9
2568  40410.5
2569  40415.5
2570  40442.1
2571  40447.1
2572  40473.7
2573  40478.7
2574  40505.3
2575  40510.3
2576  40536.9
2577  40541.9
2578  40568.6
2579  40573.5
2580  40600.2
2581  40605.1
2582  40631.8
2583  40636.7
2584  40663.4
2585  40668.3
2586  40695
2587  40699.9
2588  40726.6
2589  40731.5
2590  40758.2
2591  40763.1
2592  40789.8
2593  40794.7
2594  40821.4
2595  40826.3
2596  40853
2597  40858
2598  40884.6
2599  40889.6
2600  40916.2
2601  40921.2
2602  40947.8
2603  40952.8
2604  40979.4
2605  40984.4
2606  41011
2607  41016
2608  41042.6
2609  41047.6
2610  41074.2
2611  41079.2
2612  41105.8
2613  41110.8
2614  41137.4
2615  41142.4
2616  41169.1
2617  41174
2618  41200.7
2619  41205.6
2620  41232.3
2621  41237.2
2622  41263.9
2623  41268.8
2624  41295.5
2625  41300.4
2626  41327.1
2627  41332
2628  41358.7
2629  41363.6
2630  41390.3
2631  41395.2
2632  41421.9
2633  41426.8
2634  41453.5
2635  41458.5
2636  41485.1
2637  41490.1
2638  41516.7
2639  41521.7
2640  41548.3
2641  41553.3
2642  41579.9
2643  41584.9
2644  41611.5
2645  41616.5
2646  41643.1
2647  41648.1
2648  41674.7
2649  41679.7
2650  41706.3
2651  41711.3
2652  41737.9
2653  41742.9
2654  41769.6
2655  41774.5
2656  41801.2
2657  41806.1
2658  41832.8
2659  41837.7
2660  41864.4
2661  41869.3
2662  41896
2663  41900.9
2664  41927.6
2665  41932.5
2666  41959.2
2667  41964.1
2668  41990.8
2669  41995.7
2670  42022.4
2671  42027.3
2672  42054
2673  42059
2674  42085.6
2675  42090.6
2676  42117.2
2677  42122.2
2678  42148.8
2679  42153.8
2680  42180.4
2681  42185.4
2682  42212
2683  42217
2684  42243.6
2685  42248.6
2686  42275.2
2687  42280.2
2688  42306.8
2689  42311.8
2690  42338.4
2691  42343.4
2692  42370.1
2693  42375
2694  42401.7
2695  42406.6
2696  42433.3
2697  42438.2
2698  42464.9
2699  42469.8
2700  42496.5
2701  42501.4
2702  42528.1
2703  42533
2704  42559.7
2705  42564.6
2706  42591.3
2707  42596.2
2708  42622.9
2709  42627.8
2710  42654.5
2711  42659.5
2712  42686.1
2713  42691.1
2714  42717.7
2715  42722.7
2716  42749.3
2717  42754.3
2718  42780.9
2719  42785.9
2720  42812.5
2721  42817.5
2722  42844.1
2723  42849.1
2724  42875.7
2725  42880.7
2726  42907.3
2727  42912.3
2728  42938.9
2729  42943.9
2730  42970.6
2731  42975.5
2732  43002.2
2733  43007.1
2734  43033.8
2735  43038.7
2736  43065.4
2737  43070.3
2738  43097
2739  43101.9
2740  43128.6
2741  43133.5
2742  43160.2
2743  43165.1
2744  43191.8
2745  43196.7
2746  43223.4
2747  43228.3
2748  43255
2749  43260
2750  43286.6
2751  43291.6
2752  43318.2
2753  43323.2
2754  43349.8
2755  43354.8
2756  43381.4
2757  43386.4
2758  43413
2759  43418
2760  43444.6
2761  43449.6
2762  43476.2
2763  43481.2
2764  43507.8
2765  43512.8
2766  43539.4
2767  43544.4
2768  43571.1
2769  43576
2770  43602.7
2771  43607.6
2772  43634.3
2773  43639.2
2774  43665.9
2775  43670.8
2776  43697.5
2777  43702.4
2778  43729.1
2779  43734
2780  43760.7
2781  43765.6
2782  43792.3
2783  43797.2
2784  43823.9
2785  43828.8
2786  43855.5
2787  43860.5
2788  43887.1
2789  43892.1
2790  43918.7
2791  43923.7
2792  43950.3
2793  43955.3
2794  43981.9
2795  43986.9
2796  44013.5
2797  44018.5
2798  44045.1
2799  44050.1
2800  44076.7
2801  44081.7
2802  44108.3
2803  44113.3
2804  44139.9
2805  44144.9
2806  44171.6
2807  44176.5
2808  44203.2
2809  44208.1
2810  44234.8
2811  44239.7
2812  44266.4
2813  44271.3
2814  44298
2815  44302.9
2816  44329.6
2817  44334.5
2818  44361.2
2819  44366.1
2820  44392.8
2821  44397.7
2822  44424.4
2823  44429.3
2824  44456
2825  44461
2826  44487.6
2827  44492.6
2828  44519.2
2829  44524.2
2830  44550.8
2831  44555.8
2832  44582.4
2833  44587.4
2834  44614
2835  44619
2836  44645.6
2837  44650.6
2838  44677.2
2839  44682.2
2840  44708.8
2841  44713.8
2842  44740.4
2843  44745.4
2844  44772.1
2845  44777
2846  44803.7
2847  44808.6
2848  44835.3
2849  44840.2
2850  44866.9
2851  44871.8
2852  44898.5
2853  44903.4
2854  44930.1
2855  44935
2856  44961.7
2857  44966.6
2858  44993.3
2859  44998.2
2860  45024.9
2861  45029.8
2862  45056.5
2863  45061.5
2864  45088.1
2865  45093.1
2866  45119.7
2867  45124.7
2868  45151.3
2869  45156.3
2870  45182.9
2871  45187.9
2872  45214.5
2873  45219.5
2874  45246.1
2875  45251.1
2876  45277.7
2877  45282.7
2878  45309.3
2879  45314.3
2880  45340.9
2881  45345.9
2882  45372.6
2883  45377.5
2884  45404.2
2885  45409.1
2886  45435.8
2887  45440.7
2888  45467.4
2889  45472.3
2890  45499
2891  45503.9
2892  45530.6
2893  45535.5
2894  45562.2
2895  45567.1
2896  45593.8
2897  45598.7
2898  45625.4
2899  45630.4
2900  45657
2901  45662
2902  45688.6
2903  45693.6
2904  45720.2
2905  45725.2
2906  45751.8
2907  45756.8
2908  45783.4
2909  45788.4
2910  45815
2911  45820
2912  45846.6
2913  45851.6
2914  45878.2
2915  45883.2
2916  45909.8
2917  45914.8
2918  45941.4
2919  45946.4
2920  45973.1
2921  45978
2922  46004.7
2923  46009.6
2924  46036.3
2925  46041.2
2926  46067.9
2927  46072.8
2928  46099.5
2929  46104.4
2930  46131.1
2931  46136
2932  46162.7
2933  46167.6
2934  46194.3
2935  46199.2
2936  46225.9
2937  46230.9
2938  46257.5
2939  46262.5
2940  46289.1
2941  46294.1
2942  46320.7
2943  46325.7
2944  46352.3
2945  46357.3
2946  46383.9
2947  46388.9
2948  46415.5
2949  46420.5
2950  46447.1
2951  46452.1
2952  46478.7
2953  46483.7
2954  46510.3
2955  46515.3
2956  46541.9
2957  46546.9
2958  46573.6
2959  46578.5
2960  46605.2
2961  46610.1
2962  46636.8
2963  46641.7
2964  46668.4
2965  46673.3
2966  46700
2967  46704.9
2968  46731.6
2969  46736.5
2970  46763.2
2971  46768.1
2972  46794.8
2973  46799.7
2974  46826.4
2975  46831.4
2976  46858
2977  46863
2978  46889.6
2979  46894.6
2980  46921.2
2981  46926.2
2982  46952.8
2983  46957.8
2984  46984.4
2985  46989.4
2986  47016
2987  47021
2988  47047.6
2989  47052.6
2990  47079.2
2991  47084.2
2992  47110.8
2993  47115.8
2994  47142.4
2995  47147.4
2996  47174.1
2997  47179
2998  47205.7
2999  47210.6
3000  47237.3
3001  47242.2
3002  47268.9
3003  47273.8
3004  47300.5
3005  47305.4
3006  47332.1
3007  47337
3008  47363.7
3009  47368.6
3010  47395.3
3011  47400.2
3012  47426.9
3013  47431.9
3014  47458.5
3015  47463.5
3016  47490.1
3017  47495.1
3018  47521.7
3019  47526.7
3020  47553.3
3021  47558.3
3022  47584.9
3023  47589.9
3024  47616.5
3025  47621.5
3026  47648.1
3027  47653.1
3028  47679.7
3029  47684.7
3030  47711.3
3031  47716.3
3032  47742.9
3033  47747.9
3034  47774.6
3035  47779.5
3036  47806.2
3037  47811.1
3038  47837.8
3039  47842.7
3040  47869.4
3041  47874.3
3042  47901
3043  47905.9
3044  47932.6
3045  47937.5
3046  47964.2
3047  47969.1
3048  47995.8
3049  48000.7
3050  48027.4
3051  48032.4
3052  48059
3053  48064
3054  48090.6
3055  48095.6
3056  48122.2
3057  48127.2
3058  48153.8
3059  48158.8
3060  48185.4
3061  48190.4
3062  48217
3063  48222
3064  48248.6
3065  48253.6
3066  48280.2
3067  48285.2
3068  48311.8
3069  48316.8
3070  48343.4
3071  48348.4
3072  48375.1
3073  48380
3074  48406.7
3075  48411.6
3076  48438.3
3077  48443.2
3078  48469.9
3079  48474.8
3080  48501.5
3081  48506.4
3082  48533.1
3083  48538
3084  48564.7
3085  48569.6
3086  48596.3
3087  48601.2
3088  48627.9
3089  48632.9
3090  48659.5
3091  48664.5
3092  48691.1
3093  48696.1
3094  48722.7
3095  48727.7
3096  48754.3
3097  48759.3
3098  48785.9
3099  48790.9
3100  48817.5
3101  48822.5
3102  48849.1
3103  48854.1
3104  48880.7
3105  48885.7
3106  48912.3
3107  48917.3
3108  48943.9
3109  48948.9
3110  48975.6
3111  48980.5
3112  49007.2
3113  49012.1
3114  49038.8
3115  49043.7
3116  49070.4
3117  49075.3
3118  49102
3119  49106.9
3120  49133.6
3121  49138.5
3122  49165.2
3123  49170.1
3124  49196.8
3125  49201.7
3126  49228.4
3127  49233.4
3128  49260
3129  49265
3130  49291.6
3131  49296.6
3132  49323.2
3133  49328.2
3134  49354.8
3135  49359.8
3136  49386.4
3137  49391.4
3138  49418
3139  49423
3140  49449.6
3141  49454.6
3142  49481.2
3143  49486.2
3144  49512.8
3145  49517.8
3146  49544.4
3147  49549.4
3148  49576.1
3149  49581
3150  49607.7
3151  49612.6
3152  49639.3
3153  49644.2
3154  49670.9
3155  49675.8
3156  49702.5
3157  49707.4
3158  49734.1
3159  49739
3160  49765.7
3161  49770.6
3162  49797.3
3163  49802.2
3164  49828.9
3165  49833.9
3166  49860.5
3167  49865.5
