1  -4.43043
2  -6.27338
3  -21.6888
4  -18.6877
5  -18.0969
6  -20.6309
7  -25.9101
8  -32.5319
9  -39.8721
10  -47.5007
11  -55.1098
12  -62.4705
13  -71.9394
14  -79.3
15  -88.7689
16  -96.1296
17  -105.598
18  -112.959
19  -122.428
20  -129.789
21  -139.258
22  -146.618
23  -156.087
24  -167.023
25  -174.632
26  -181.993
27  -181.202
28  -187.939
29  -196.308
30  -203.046
31  -211.415
32  -218.152
33  -226.521
34  -233.259
35  -241.628
36  -241.706
37  -248.527
38  -257.959
39  -264.78
40  -269.452
41  -273.247
42  -268.312
43  -277.027
44  -281.325
45  -263.964
46  -269.561
47  -265.797
48  -263.008
49  -271.794
50  -282.505
51  -287.13
52  -285.039
53  -267.733
54  -264.494
55  -270.342
56  -267.334
57  -266.921
58  -277.632
59  -289.893
60  -273.461
61  -286.376
62  -290.525
63  -295.449
64  -277.805
65  -292.638
66  -275.041
67  -290.722
68  -273.249
69  -282.848
70  -287.684
71  -293.026
72  -298.595
73  -284.727
74  -269.527
75  -280.118
76  -264.206
77  -274.376
78  -283.703
79  -266.81
80  -277.306
81  -281.247
82  -284.579
83  -268.708
84  -278.113
85  -288.702
86  -284.217
87  -267.005
88  -278.418
89  -289.007
90  -284.522
91  -296.93
92  -300.717
93  -318.612
94  -323.165
95  -319.37
96  -326.455
97  -313.457
98  -322.77
99  -310.201
100  -315.891
101  -314.876
102  -325.855
103  -312.924
104  -321.624
105  -309.196
106  -313.831
107  -316.81
108  -330.127
109  -316.734
110  -329.957
111  -316.581
112  -329.618
113  -316.277
114  -328.942
115  -315.673
116  -327.606
117  -314.48
118  -324.99
119  -312.158
120  -319.991
121  -323.675
122  -319.302
123  -322.167
124  -317.945
125  -319.229
126  -315.312
127  -313.672
128  -323.234
129  -310.609
130  -311.093
131  -323.503
132  -319.147
133  -321.829
134  -317.641
135  -318.576
136  -314.728
137  -312.47
138  -320.655
139  -325.141
140  -320.625
141  -325.074
142  -320.564
143  -324.939
144  -320.442
145  -324.671
146  -320.2
147  -324.135
148  -319.717
149  -323.074
150  -318.761
151  -320.99
152  -316.888
153  -316.974
154  -313.3
155  -315.636
156  -327.523
157  -314.406
158  -318.442
159  -305.396
160  -317.951
161  -313.75
162  -323.404
163  -310.759
164  -317.048
165  -317.313
166  -313.602
167  -316.302
168  -328.997
169  -320.053
170  -303.906
171  -303.619
172  -306.853
173  -302.978
174  -311.107
175  -299.018
176  -289.847
177  -289.56
178  -298.426
179  -286.149
180  -291.251
181  -292.624
182  -303.801
183  -301.471
184  -296.625
185  -279.828
186  -292.654
187  -288.401
188  -270.946
189  -283.119
190  -295.946
191  -291.692
192  -274.238
