----------Weights------------
0.7615894 0.7277749 0.1462447 0.9318827 0.0155034 0.7878658 0.0523087 0.0909757 0.0004883 0.0572222 0.1143529 0.5271462 0.4298837 0.0719626 0.6136357 0.9269997 0.4350414 0.3844111 0.8259224 0.4004028 0.5249794 0.0418104 0.6103092 0.0824610 0.7846919 0.4590289 0.5362407 0.4033937 0.3278603 0.3533128 0.4493851 0.9201636 
0.6378063 0.0328684 0.6715598 0.1370281 0.9040193 0.6606952 0.9603870 0.5016022 0.9683523 0.7796564 0.9218116 0.1246986 0.2793359 0.2688986 0.9696646 0.2971587 0.5033113 0.7766655 0.1596423 0.4064150 0.2949004 0.9492782 0.1832026 0.7783746 0.6938993 0.4537492 0.4295175 0.6105228 0.0640889 0.8078860 0.9885861 0.3842891 
0.5915403 0.5561693 0.5121921 0.1688589 0.7254860 0.8859523 0.9971007 0.3246864 0.1882076 0.0296335 0.4062624 0.0632344 0.3292642 0.6415296 0.7329630 0.7778863 0.1238746 0.3588977 0.6315806 0.2028565 0.9853816 0.2725913 0.9197058 0.1843013 0.1997436 0.5298929 0.7923826 0.5353252 0.2210761 0.7344584 0.2951750 0.9634693 
0.9886776 0.2073428 0.8891873 0.8689840 0.7142552 0.4483169 0.1676992 0.4681234 0.2223273 0.0539567 0.0318613 0.5324870 0.9678945 0.4674520 0.6594745 0.7631458 0.1126438 0.2688681 0.5067904 0.7392499 0.3710746 0.5062105 0.4819788 0.9389325 0.7394330 0.3133946 0.6575213 0.7315897 0.6535844 0.5088351 0.1562243 0.6033815 
0.1176183 0.8892788 0.0545671 0.3946348 0.0874050 0.7143468 0.6079897 0.5298318 0.6914884 0.9936522 0.3715629 0.3478805 0.2713401 0.6493728 0.1553697 0.9880367 0.8109073 0.2553179 0.5042573 0.5172277 0.9062777 0.6655782 0.3179113 0.2754906 0.1729484 0.4456923 0.1466414 0.9861751 0.2976165 0.9002960 0.2533341 0.8807031 
0.5015717 0.1691031 0.8649251 0.6440626 0.4062624 0.3225196 0.6524247 0.8160344 0.6550493 0.1169164 0.2151250 0.3310953 0.3052461 0.4495682 0.0590838 0.5824458 0.3172094 0.8833888 0.0675985 0.9140904 0.2052065 0.9112522 0.9387188 0.7064119 0.2442701 0.7046724 0.8184149 0.3957945 0.6808985 0.1467025 0.7083956 0.3739738 
0.8625752 0.7113559 0.9297769 0.4705954 0.4120304 0.4594256 0.6222114 0.7270730 0.3429670 0.8256172 0.0003052 0.3192846 0.5525987 0.4587237 0.4895474 0.8983734 0.5186316 0.9782708 0.0726951 0.4519181 0.4378185 0.6880703 0.4409925 0.0136418 0.6569720 0.5925169 0.8172552 0.0064394 0.2126225 0.9788812 0.7043977 0.9750053 
0.5320902 0.0553606 0.3881039 0.6873989 0.8521378 0.3775445 0.7856990 0.5471053 0.1139256 0.0238044 0.3654286 0.1499680 0.9615162 0.2064882 0.3941160 0.4543596 0.0183416 0.7253029 0.9829096 0.4125492 0.2270272 0.1366619 0.9686880 0.8969695 0.2619404 0.8803369 0.4716025 0.7331767 0.9529710 0.6647237 0.2220222 0.1215857 
0.8054750 0.4206061 0.8212836 0.9399091 0.6942961 0.0563677 0.0548418 0.0643635 0.6840419 0.2696310 0.9613330 0.5653554 0.0371715 0.3293863 0.1203650 0.0930204 0.7764824 0.7310709 0.9070101 0.3766594 0.2514420 0.2656941 0.6930143 0.5018159 0.4514298 0.1528367 0.1422468 0.7249062 0.4916837 0.9649037 0.0129093 0.0538957 
0.3342387 0.5842158 0.8764916 0.6459548 0.8048647 0.8929411 0.5620289 0.0088504 0.7403180 0.5615711 0.4586627 0.3570055 0.1815546 0.3026826 0.5451827 0.6989044 0.0867946 0.8756981 0.8049562 0.0048830 0.1476485 0.2723777 0.1694082 0.7604297 0.1878109 0.0452895 0.0643635 0.0764489 0.7121189 0.4641865 0.5538499 0.7778558 
0.8572649 0.4406568 0.1656850 0.3877377 0.2433241 0.2874233 0.0620136 0.3083590 0.6687521 0.2083193 0.6785180 0.8386181 0.3768120 0.2748802 0.2006287 0.8802149 0.8612323 0.3019807 0.2963958 0.2913297 0.5629749 0.0151372 0.8547014 0.6858425 0.6837977 0.2354503 0.6264840 0.4174932 0.3655202 0.8224433 0.0215766 0.4304636 
0.8604999 0.6064943 0.5280923 0.9489425 0.1712394 0.3416242 0.7290262 0.6371349 0.2537614 0.7185888 0.9611194 0.1744438 0.5218360 0.5661794 0.7380596 0.4444716 0.4585101 0.1529588 0.0543840 0.4215217 0.0280465 0.6581927 0.1938841 0.7721793 0.5199133 0.5476547 0.7499008 0.0166021 0.3183386 0.9279153 0.7833186 0.9728690 
0.6277657 0.0131230 0.2814417 0.5072176 0.4516129 0.1298563 0.3148595 0.5953856 0.7809381 0.1888485 0.6594440 0.3860286 0.0080569 0.8578753 0.2500381 0.7050691 0.0784326 0.0065310 0.0729698 0.4055605 0.8384350 0.8890347 0.9463179 0.3446150 0.0755028 0.5684683 0.5779290 0.1315958 0.0205695 0.9630116 0.2778710 0.2681356 
0.7237465 0.2938017 0.1495407 0.0853298 0.2248604 0.5136876 0.2017273 0.9508347 0.1238746 0.6712241 0.9527573 0.9989929 0.2512894 0.0836512 0.3870052 0.4118168 0.2837306 0.5029450 0.3844111 0.6665853 0.8636433 0.9761345 0.6220588 0.2006592 0.8579974 0.3849910 0.8773766 0.1037629 0.6941130 0.8914151 0.8037660 0.2246162 
0.1966308 0.9461959 0.9009980 0.5497604 0.7116001 0.9364605 0.5981628 0.8835414 0.1352580 0.3941771 0.3086947 0.1810663 0.1586657 0.0692160 0.1991333 0.7044588 0.0380261 0.9968871 0.7833796 0.0839259 0.2609943 0.1123997 0.8804895 0.9165014 0.0454726 0.6888638 0.8763390 0.3202002 0.3819697 0.9916074 0.3828852 0.0828578 
0.1059908 0.8121891 0.1899472 0.7880184 0.3804437 0.6183660 0.7608570 0.7061068 0.0546892 0.7636341 0.7996460 0.4279000 0.2385327 0.0310984 0.3986328 0.8248238 0.5606555 0.4097720 0.2858058 0.4708090 0.9556566 0.9261452 0.9957274 0.5526292 0.7071444 0.3812983 0.7597278 0.2788476 0.7090060 0.8111209 0.4100162 0.9640187 
0.9564806 0.1332743 0.5799432 0.3619495 0.2727439 0.9380169 0.9704276 0.7861568 0.9618519 0.9551378 0.1159703 0.6956084 0.2396924 0.6331980 0.8719443 0.9827265 0.1812799 0.3953673 0.1151158 0.7336344 0.3614002 0.8928495 0.8717002 0.0548418 0.8264412 0.3629261 0.4159978 0.9185766 0.8766137 0.4788659 0.2613910 0.9056673 
0.7415082 0.8810999 0.8537553 0.4564043 0.4979400 0.9297159 0.4959868 0.7061678 0.0568560 0.9134800 0.4750816 0.6029542 0.5384686 0.3620106 0.4956816 0.0224311 0.5373699 0.8445082 0.7278970 0.9442732 0.5909604 0.8671224 0.1157567 0.5332499 0.9201331 0.4177068 0.1940672 0.9191565 0.0220649 0.9778130 0.6909391 0.1779229 
0.2363964 0.2224189 0.8181402 0.7803278 0.7090060 0.3220618 0.1240272 0.4251534 0.8362682 0.0732749 0.3851131 0.0951262 0.6899014 0.6089358 0.8899503 0.3173620 0.6411939 0.3562426 0.4593951 0.6746422 0.2785730 0.5235145 0.7469405 0.5773492 0.5977050 0.6076540 0.5309915 0.5484481 0.5965148 0.3753471 0.3095492 0.9643544 
0.7577441 0.7998596 0.8879360 0.3624989 0.8526261 0.5171972 0.1777703 0.5715812 0.4545732 0.4810938 0.8628193 0.9725028 0.0152593 0.5689261 0.8933683 0.4461501 0.7646413 0.0821558 0.0328684 0.9221473 0.3579211 0.0390637 0.0555437 0.4902188 0.4015320 0.3208716 0.8070315 0.1503647 0.3108310 0.2088382 0.4150212 0.4274117 
0.0948515 0.2587359 0.6834315 0.1833857 0.7201147 0.4035157 0.1212195 0.2801904 0.9524216 0.8878750 0.2181463 0.8838466 0.0260323 0.2221442 0.1311380 0.7058931 0.6984466 0.0023499 0.7440413 0.5417951 0.3350932 0.3761406 0.1272317 0.3554796 0.7613147 0.4268624 0.7146519 0.5897702 0.3418073 0.1454207 0.7732170 0.5044099 
0.4187750 0.9316996 0.1927549 0.6774499 0.4217963 0.7046113 0.7553026 0.8718223 0.0602130 0.1659597 0.9231239 0.2558367 0.6307566 0.6660970 0.5267190 0.8340098 0.4030885 0.5706351 0.8067873 0.6534318 0.9227271 0.1172521 0.6469619 0.1999878 0.0404370 0.4862514 0.6837977 0.9166540 0.6080203 0.2400586 0.1814936 0.5594653 
0.5214698 0.3675954 0.4988556 0.6625568 0.2451552 0.8591571 0.7489853 0.2355419 0.4076357 0.1219520 0.2258370 0.8164922 0.9078951 0.9228797 0.2494583 0.2968230 0.7842952 0.4605243 0.2189703 0.2255013 0.6327403 0.1564989 0.9501328 0.0686056 0.6141850 0.0413831 0.3346355 0.1020234 0.2114628 0.1920530 0.5132603 0.3834651 
0.8148747 0.0448927 0.0491653 0.7205115 0.4710532 0.4857631 0.2294382 0.6908780 0.9734184 0.8568987 0.1087985 0.5700247 0.4526811 0.9674673 0.8224128 0.6794946 0.7102268 0.3269448 0.5385296 0.0398267 0.3986328 0.6795557 0.4940336 0.8505203 0.4288461 0.0927458 0.5611438 0.2587970 0.7473678 0.7797479 0.6480911 0.9337138 
0.5744804 0.9971313 0.5310831 0.4416944 0.1763970 0.8072756 0.0759606 0.9684439 0.7246010 0.4310739 0.8364208 0.8359325 0.3744621 0.1824091 0.9137547 0.1590930 0.8399304 0.1138035 0.2542802 0.0038148 0.4781945 0.9103671 0.3808405 0.1466414 0.6393628 0.5552538 0.1654714 0.9786370 0.7498093 0.7841121 0.1082186 0.5986511 
0.0567339 0.9207739 0.3458052 0.5533921 0.0243233 0.4668416 0.7840510 0.6255074 0.5833918 0.2941984 0.3079318 0.1684927 0.1767632 0.2833033 0.4270760 0.6758324 0.6375317 0.8631855 0.8248848 0.9092074 0.0862453 0.4613178 0.9711295 0.3382366 0.3517869 0.1029695 0.0097049 0.8513443 0.4950713 0.3047884 0.1275369 0.0442518 
0.0467544 0.4970550 0.4104740 0.6785180 0.9804987 0.9822382 0.9964904 0.6226997 0.2668844 0.7912534 0.1232643 0.4116031 0.6158025 0.2771081 0.7772759 0.0683920 0.1813715 0.5607776 0.8564714 0.5607471 0.8412122 0.1646474 0.0415052 0.7625355 0.4880520 0.0388195 0.5496384 0.7725761 0.1565294 0.6252632 0.6575213 0.2436293 
0.0887478 0.9237342 0.7573473 0.8156377 0.6157720 0.9960631 0.2929167 0.9572130 0.1467940 0.2833644 0.9522080 0.9448836 0.6501968 0.5190283 0.4073000 0.1449629 0.6227302 0.4356517 0.6809900 0.0974151 0.5573901 0.6229133 0.7112949 0.0180670 0.4782556 0.6249275 0.4501480 0.1713919 0.8267464 0.3349712 0.6958831 0.6429334 
0.7171850 0.8424024 0.8110294 0.9234291 0.8542131 0.7152623 0.5417951 0.3732109 0.7162999 0.5599536 0.3925596 0.3899960 0.3928343 0.1845454 0.3838008 0.6675314 0.0804163 0.3997009 0.9066744 0.8513443 0.5991394 0.2245552 0.0110477 0.7788934 0.6084170 0.9124729 0.7522507 0.0317698 0.0950041 0.4815821 0.5456099 0.0442824 
0.5712455 0.7118137 0.9571215 0.2720420 0.9371929 0.0386975 0.9427473 0.3946654 0.7869808 0.5616321 0.3469344 0.6875515 0.5313272 0.4648274 0.8025758 0.2256844 0.6714072 0.8439283 0.8513443 0.5530564 0.6353954 0.3254494 0.8395032 0.7406537 0.2453993 0.5607166 0.8480483 0.9562059 0.1089206 0.4374523 0.8599200 0.3930174 
0.9361248 0.7096774 0.2491226 0.5547960 0.8245796 0.4081545 0.6570330 0.1203955 0.1268349 0.7505112 0.3435469 0.8778649 0.0062868 0.3413495 0.8427076 0.4071780 0.1585437 0.5346538 0.7935423 0.1400800 0.6055788 0.3664968 0.5000153 0.5539109 0.0754723 0.6048463 0.7710196 0.0878323 0.5841243 0.3686941 0.7076937 0.0924406 
0.1265908 0.9130833 0.2554094 0.8188421 0.1173132 0.6928617 0.8633381 0.0657979 0.7830439 0.7405011 0.2789392 0.2582781 0.9176305 0.5648061 0.3527635 0.6628315 0.4891812 0.7105319 0.4634236 0.5043794 0.7436445 0.8519852 0.3810846 0.6996979 0.3950316 0.1321146 0.0844752 0.1022065 0.0982696 0.5759148 0.3129368 0.6981109 
0.8514664 0.4954070 0.9775994 0.3182165 0.7775811 0.6276742 0.7863704 0.2962127 0.0327158 0.4762719 0.8299814 0.8739280 0.4720908 0.0507828 0.1289102 0.5424970 0.8718223 0.0478835 0.0609455 0.3512680 0.8229011 0.1137425 0.3535875 0.3465377 0.1045869 0.8615070 0.9538865 0.6977752 0.4580218 0.8790246 0.4089785 0.1474044 
0.6190374 0.5363628 0.2144230 0.6649983 0.9193701 0.5901669 0.4188665 0.5598315 0.1756035 0.7343974 0.4823145 0.0547197 0.1670888 0.9721671 0.7070833 0.8668477 0.8365123 0.8215583 0.5759758 0.9162877 0.6761986 0.3734855 0.9118625 0.4300058 0.8044984 0.7936338 0.0912809 0.2959990 0.8894314 0.7384564 0.0327158 0.6284677 
0.8565020 0.5460982 0.4093142 0.9856563 0.5489364 0.9784845 0.6706748 0.0046693 0.3922239 0.4579302 0.7188330 0.1991333 0.5670644 0.2940153 0.6202887 0.8886380 0.3734550 0.8659017 0.4328440 0.6960967 0.3794061 0.8850063 0.0811182 0.9837642 0.8005005 0.7717521 0.2600482 0.0085147 0.0943022 0.3806879 0.8322703 0.5437788 
0.5413984 0.7780694 0.4263131 0.2707907 0.9636219 0.7300027 0.0863979 0.2893460 0.8956267 0.7305521 0.7015900 0.6353954 0.2874844 0.9258400 0.8156377 0.6323435 0.3353374 0.6059755 0.6137272 0.6446425 0.9571520 0.8326365 0.3837703 0.3957945 0.3653981 0.1350749 0.4047975 0.8042238 0.1658681 0.4285104 0.2805567 0.6673482 
0.3256020 0.6501968 0.3946348 0.1532640 0.8160649 0.7258522 0.1627247 0.8077334 0.2905057 0.9508347 0.7665944 0.1799677 0.7663198 0.8214362 0.9855037 0.9900204 0.1785638 0.7198096 0.0950346 0.3530381 0.9484542 0.3473922 0.2187872 0.1875668 0.9495834 0.9805597 0.9781487 0.4869839 0.2871181 0.3235572 0.0113224 0.2223579 
0.4702597 0.9258095 0.3330180 0.3455000 0.1868343 0.3799249 0.1344340 0.6249580 0.1663259 0.5966063 0.5609302 0.9361248 0.6878262 0.8727989 0.8680380 0.8275704 0.6009095 0.8394421 0.4520402 0.5303201 0.0519425 0.6418958 0.7220679 0.1745659 0.4013489 0.9888913 0.6947233 0.5488449 0.0437635 0.4216437 0.9445173 0.2244026 
0.4059877 0.9378643 0.8891263 0.8306223 0.4452956 0.4927213 0.3356426 0.1238746 0.7481918 0.4975738 0.7344890 0.7051912 0.8817713 0.5533311 0.9600208 0.9430830 0.6604205 0.4046754 0.0850246 0.2681967 0.1528672 0.9198584 0.2621845 0.6277963 0.7678152 0.6913053 0.5165868 0.9962767 0.1353801 0.1544847 0.6542558 0.5356304 
0.2797327 0.3980224 0.1116062 0.7041841 0.3667714 0.9195532 0.7417524 0.5044099 0.3060701 0.0396741 0.8792688 0.5392926 0.7916196 0.9853206 0.2108524 0.2286447 0.7103183 0.6534318 0.8722495 0.9303873 0.5728935 0.3076266 0.6016114 0.6997284 0.0750450 0.3601489 0.1842708 0.4558550 0.3396710 0.2495193 0.5478378 0.0400403 
0.0354320 0.0464492 0.8707846 0.0913419 0.0191656 0.8382824 0.0498367 0.8267769 0.9341716 0.9803461 0.4515824 0.4860073 0.4200568 0.0571001 0.7004608 0.8867153 0.1898556 0.1547594 0.3148595 0.5425581 0.3673818 0.6260262 0.2715537 0.1181982 0.9627979 0.5777764 0.6004212 0.2792138 0.6830042 0.7420881 0.9375591 0.1778314 
0.1563768 0.7533189 0.0651570 0.2243416 0.1617176 0.2226325 0.2246467 0.3911557 0.2949919 0.0282296 0.0675985 0.2300485 0.4336375 0.0256050 0.0271615 0.7860042 0.6579180 0.4260384 0.6365856 0.6087527 0.3116245 0.5486312 0.6574602 0.6623127 0.3987243 0.1968139 0.7484970 0.6042055 0.6225166 0.4627522 0.3188574 0.6686911 
0.7274392 0.1112400 0.0710471 0.9865719 0.1035798 0.7579577 0.2908414 0.8646504 0.0163884 0.0715964 0.4194769 0.5395062 0.8512528 0.1868954 0.0431227 0.5794244 0.2084719 0.7117222 0.7856075 0.5623341 0.2056337 0.5409101 0.9076205 0.2734153 0.4291818 0.8745384 0.6317331 0.7183447 0.1628468 0.9773247 0.4956511 0.7002167 
0.8568682 0.7740104 0.3745231 0.8501541 0.5913266 0.9172643 0.5484481 0.3420820 0.6518754 0.5028230 0.3476669 0.2204047 0.0032044 0.8059938 0.4266793 0.4211859 0.8491470 0.9636219 0.4714805 0.9298379 0.8622089 0.9820246 0.7921079 0.0728477 0.9821467 0.3089389 0.2551653 0.9620350 0.7420576 0.9216895 0.3642689 0.5124058 
0.3641163 0.1905271 0.4543291 0.8233589 0.6982025 0.8630634 0.3513291 0.0541704 0.9515061 0.9738456 0.0497757 0.0217292 0.6599322 0.9866329 0.8541520 0.0923795 0.4309214 0.6631062 0.2364574 0.8494522 0.5298013 0.5671255 0.7323527 0.0386364 0.7290567 0.7777337 0.7329630 0.7681814 0.2975555 0.1135594 0.9095431 0.6052431 
0.5290994 0.5017243 0.4668722 0.8666646 0.5102084 0.8289132 0.6977752 0.2043214 0.8196356 0.7981811 0.5670949 0.4322336 0.4205451 0.9990234 0.3926206 0.9673757 0.2153996 0.4693747 0.3316141 0.8503983 0.0976897 0.9698477 0.3174230 0.4184393 0.9906613 0.3212073 0.9053621 0.4691916 0.7793207 0.3860591 0.0984222 0.6817835 
0.3445845 0.6242256 0.2498550 0.8665731 0.3881344 0.5530564 0.4009522 0.5887020 0.3198950 0.2900784 0.4510941 0.3826411 0.6368908 0.1833552 0.1341288 0.9927366 0.6580706 0.0001221 0.8362072 0.1007416 0.8343760 0.6595050 0.2614826 0.6671957 0.3317362 0.7670827 0.7560350 0.3055208 0.3306375 0.8692892 0.3116550 0.5977355 
0.4369640 0.5655080 0.1941588 0.5612964 0.0612506 0.3300272 0.8355358 0.4547563 0.3178198 0.2179632 0.1268960 0.8041932 0.6521195 0.9654836 0.9246193 0.1784722 0.9703055 0.7613758 0.3832820 0.6340831 0.5049593 0.5681021 0.0429395 0.6535539 0.6745201 0.7248451 0.8789636 0.0625019 0.6751610 0.9970092 0.2030091 0.5482650 
0.4996185 0.4795984 0.8611713 0.8040407 0.2427442 0.8459426 0.2829066 0.7601550 
0.3503525 0.7220679 0.9142735 0.8438673 0.1831721 0.5109714 0.5453658 0.5993225 
0.2118290 0.9560839 0.8586688 0.5081637 0.2304453 0.0444044 0.2055422 0.6800134 
0.0209357 0.5486007 0.6112857 0.9380169 0.6958525 0.9467757 0.9293191 0.0017396 
0.6389966 0.8741417 0.4510331 0.0784021 0.0220954 0.0574053 0.3502915 0.4758751 
0.1132542 0.2364879 0.3141270 0.2046876 0.8928495 0.8692892 0.6008179 0.3560289 
0.8223212 0.4677267 0.4709616 0.2348094 0.5223243 0.4528336 0.7004303 0.3545640 
0.2884610 0.7627186 0.8821986 0.4659261 0.3936583 0.2775658 0.5836970 0.2968230 
0.5967589 0.6115299 0.8576617 0.9904477 0.1314432 0.5320597 0.4420301 0.7677236 
0.4735557 0.2067629 0.1932432 0.7915281 0.7175817 0.1885128 0.6723228 0.1681265 
0.9112217 0.3234046 0.2006897 0.9329203 0.5506760 0.7396771 0.2181768 0.9640187 
0.4001587 0.3467818 0.4421827 0.5188757 0.3456526 0.7438887 0.1018097 0.6318857 
0.5108493 0.3405255 0.7189550 0.3242592 0.7248146 0.2443312 0.5376751 0.1452376 
0.3495285 0.8811609 0.2876370 0.0421461 0.9914243 0.6628925 0.8658101 0.8200018 
0.5494858 0.8385876 0.9871822 0.0419935 0.5251930 0.2441481 0.3139439 0.6304514 
0.5387738 0.2475356 0.7891476 0.3108921 0.5384686 0.1255837 0.4642476 0.7165441 
0.4571368 0.7752617 0.4319590 0.2903531 0.9796747 0.4856410 0.4929350 0.4414808 
0.0638142 0.0290536 0.2329173 0.2743004 0.8279977 0.3641774 0.0628681 0.1245155 
0.2599872 0.1284219 0.1450850 0.2952361 0.3386334 0.2639546 0.0422376 0.4419691 
0.6925565 0.2145451 0.8478957 0.2499161 0.8234199 0.2001709 0.7368694 0.8601337 
0.8266854 0.0396741 0.1080966 0.7620472 0.8739280 0.5410932 0.4910733 0.6136662 
0.6484268 0.7865230 0.8877834 0.5722526 0.5469832 0.3952452 0.8429212 0.2368542 
0.1834468 0.9343852 0.1605884 0.1923887 0.3821528 0.5886410 0.5646535 0.5464339 
0.0783410 0.1663869 0.1662648 0.8000427 0.4229560 0.8493912 0.2781762 0.4929044 
0.5747551 0.8137761 0.6881314 0.7383953 0.8200629 0.5528123 0.5471053 0.2086550 
0.0388195 0.8409680 0.4390393 0.1669973 0.8539079 0.9664907 0.4424574 0.0728172 
0.7933592 0.5621204 0.4540849 0.8232368 0.7867672 0.9407331 0.2589190 0.1448103 
0.0545976 0.0576189 0.2298044 0.8800623 0.6144597 0.8306223 0.3968932 0.2972503 
0.0744957 0.8398999 0.8937346 0.4548173 0.9388104 0.3724479 0.8060244 0.7590564 
0.9885250 0.1229591 0.1193274 0.9966735 0.5836665 0.8283334 0.0625324 0.8002564 
0.6175420 0.9207739 0.0572222 0.1642201 0.6274911 0.5785394 0.1883908 0.6743675 
0.2933439 0.2292550 0.8963897 0.1890011 0.6227607 0.5098727 0.9761956 0.3024079 
----------Biases------------
-0.2946562 -0.9027680 0.8782922 0.1308329 0.6882839 -0.2469253 0.3473312 -0.4849696 -0.1873531 0.0191961 0.5688955 0.5009613 -0.6881619 -0.7842341 -0.3563036 -0.8290963 0.7050081 0.4310739 -0.9677114 -0.8957488 -0.0252388 -0.8514359 -0.3766900 0.3046663 -0.0127262 -0.3981750 0.7686087 -0.5317240 0.5444197 0.2520524 -0.4100162 -0.4794763 
0.3853572 -0.4848476 -0.4925382 0.8555254 -0.5933103 0.7818537 0.9466536 0.5895260 -0.0206000 -0.0773034 0.4633625 0.9291971 0.8901944 -0.0129093 -0.0450758 -0.0481887 0.1747185 -0.0832240 -0.5142064 0.4956511 0.2812281 -0.9010590 0.7053133 0.2139042 -0.6536149 -0.9066134 0.8170721 -0.4767296 -0.2404553 0.7020783 -0.2882473 -0.1629994 
-0.4579302 -0.7530442 -0.2709128 0.0129093 -0.3536790 0.1529283 0.5199438 -0.1178930 
