1  -6.38724
2  6.51553
3  15.9785
4  11.304
5  7.70522
6  -4.19642
7  -3.95276
8  -5.69589
9  -11.8183
10  -18.7139
11  -26.8324
12  -36.9335
13  -48.0553
14  -60.1133
15  -73.0156
16  -92.2443
17  -79.4956
18  -64.9611
19  -50.0068
20  -34.7466
21  3.7827
22  16.9339
23  29.8815
24  42.5271
25  54.7744
26  66.5303
27  77.7052
28  88.214
29  97.9769
30  106.92
31  96.8814
32  86.0313
33  74.4519
34  68.8191
35  77.225
36  87.5089
37  90.7434
38  89.5947
39  84.777
40  84.3999
41  84.3999
42  79.7238
43  96.7518
1  -6.38724
2  -12.5104
3  -2.61608
4  9.98222
5  10.6585
6  21.089
7  9.08318
8  -1.99622
9  -11.2475
10  -1.95432
11  6.52245
12  14.1183
13  21.2259
14  26.6868
15  34.3136
16  34.2944
17  34.3967
18  26.5737
19  27.6013
20  19.3384
21  6.95315
22  7.01011
23  -7.63085
24  -15.7943
25  -31.1724
26  -41.3279
27  -52.5197
28  -64.6627
29  -56.9779
30  -64.5757
31  -50.5485
32  -35.9946
33  -24.3538
34  -41.1591
35  -77.6204
36  -81.9999
37  -90.5407
38  -99.0339
39  -107.124
40  -115.403
41  -123.821
42  -132.284
43  -140.654
44  -148.761
45  -156.404
46  -164.996
47  -172.438
48  -172.653
49  -174.599
50  -175.367
51  -173.175
52  -171.892
53  -170.551
54  -169.861
55  -168.222
56  -170.551
57  -171.202
58  -166.32
59  -170.055
60  -164.196
61  -162.857
62  -158.411
63  -157.307
64  -149.206
65  -155.495
66  -152.131
67  -152.644
68  -152.131
69  -144.05
70  -136.378
71  -129.174
72  -118.264
73  -112.697
74  -110.092
75  -114.203
76  -123.409
77  -121.134
78  -118.788
79  -118.788
80  -111.753
81  -117.351
82  -119.932
83  -127.705
84  -123.567
85  -114.579
86  -114.719
87  -105.74
88  -105.325
89  -101.194
90  -92.196
91  -83.4492
92  -78.3528
93  -74.9492
94  -73.7547
95  -85.1479
96  -89.9752
97  -94.8171
98  -86.8585
99  -94.8171
100  -92.008
101  -99.5264
102  -97.1103
103  -103.96
104  -107.559
105  -109.541
106  -109.819
107  -103.136
108  -95.0849
109  -102.222
110  -105.734
111  -111.39
112  -118.496
113  -130.762
114  -139.635
115  -145.904
116  -144.779
117  -144.306
118  -148.57
119  -152.457
120  -148.57
121  -144.306
122  -144.306
123  -142.397
124  -144.306
125  -145.774
126  -145.774
127  -145.774
128  -144.487
129  -148.783
130  -148.783
131  -148.783
132  -151.99
133  -156.87
134  -154.287
135  -148.041
136  -151.028
137  -154.287
138  -148.783
139  -146.661
140  -145.619
141  -144.487
142  -145.774
143  -145.774
144  -146.275
145  -144.306
146  -145.932
147  -144.779
148  -144.779
149  -144.306
150  -143.102
151  -144.649
