1  1.19518
2  -3.72608
3  -5.01941
4  -22.693
5  -43.0732
6  -67.5301
7  -63.857
8  -58.1208
9  -51.0772
10  -43.2227
11  -34.9038
12  -35.3975
13  -38.5373
14  -44.7541
15  -24.5485
16  -5.94393
17  10.7102
18  9.11414
19  -6.77921
20  -9.93887
21  -14.215
22  -25.1094
23  -29.3855
24  -40.2799
25  -44.556
26  -55.4504
27  -68.184
28  -71.3437
29  -75.6198
30  -64.6242
31  -85.2413
32  -104.262
33  -117.754
34  -117.159
35  -119.283
36  -124.819
37  -134.159
38  -146.744
39  -158.534
40  -171.506
41  -188.216
42  -202.349
43  -216.424
44  -230.096
45  -242.786
46  -254.192
47  -264.716
48  -267.687
49  -268.441
50  -267.687
51  -268.441
52  -267.687
