--------------------------Creature Joints----------------------------
128.25860000 205.95400000
128.25860000 143.95400000
104.03260000 77.39450000
183.25760000 78.40870000
104.03260000 4.22345000
183.25760000 3.86342000
84.21660000 0.86146700
133.96260000 6.27345000
164.03460000 3.17928000
215.02360000 0.00000000
164.26060000 163.04800000
226.26860000 163.04800000
81.42960000 166.65900000
81.42960000 94.65940000
131.25860000 249.95400000
--------------------------Creature States----------------------------
-1 8 2 -1 0 4 6 6 -1 -1 -1 -1 6 0 
---------------------------------------------------------------------
