1  -1.39191
2  -27.1643
3  -11.4569
4  -11.6925
5  -13.0852
6  -11.5024
7  -10.4776
8  -11.6231
9  20.0103
10  7.8983
11  -15.1774
12  -27.2894
13  -50.3651
14  -62.4771
15  -85.5528
16  -97.6648
17  -120.74
18  -132.852
19  -155.928
20  -168.04
21  -191.116
22  -203.228
23  -226.304
24  -238.416
25  -261.491
26  -273.603
27  -296.679
28  -308.791
29  -331.867
30  -330.639
31  -298.942
32  -311.118
33  -334.13
34  -324.115
35  -336.217
36  -311.574
37  -317.753
38  -328.177
39  -289.129
40  -286.982
41  -247.285
42  -222.907
43  -234.104
44  -260.732
45  -249.446
46  -275.932
47  -288.172
48  -314.657
49  -326.897
50  -353.382
51  -353.094
52  -354.221
53  -356.861
54  -356.861
55  -356.472
56  -370.498
57  -367.696
58  -355.651
59  -354.473
60  -354.573
61  -354.978
62  -330.817
63  -313.459
64  -299.5
65  -323.157
66  -316.464
67  -302.01
68  -291.265
69  -310.826
70  -300.04
71  -321.257
72  -310.632
73  -305.124
74  -297.09
75  -292.203
76  -287.805
77  -287.805
78  -277.902
79  -277.902
80  -277.456
81  -293.472
82  -292.917
83  -313.654
84  -319.593
85  -324.686
86  -326.008
87  -343.135
88  -344.681
89  -348.049
90  -354.377
91  -354.052
92  -355.086
93  -353.556
94  -367.506
95  -376.729
96  -369.27
97  -367.561
98  -366.772
99  -363.384
100  -358.312
101  -360.464
102  -361.593
103  -363.825
104  -361.593
105  -373.775
106  -365.021
107  -380.561
108  -376.356
109  -369.549
110  -347.796
111  -343.765
112  -344.189
113  -367.346
114  -359.123
115  -351.277
116  -347.238
117  -348.711
118  -370.829
119  -376.068
120  -371.869
121  -371.361
122  -391.458
123  -379.838
124  -370.709
125  -363.757
126  -360.97
127  -360.014
128  -360.014
129  -366.099
130  -355.67
131  -347.302
132  -347.302
133  -349.738
134  -349.738
135  -349.033
136  -353.175
137  -349.033
138  -350.351
139  -347.468
140  -351.841
141  -356.159
142  -361.673
143  -357.017
144  -359.881
145  -364.218
146  -370.667
147  -379.924
148  -381.022
149  -389.341
150  -381.305
151  -382.808
152  -385.097
153  -389.47
154  -393.224
155  -403.076
156  -407.545
157  -402.518
158  -401.62
159  -402.518
160  -399.433
161  -402.518
162  -405.938
163  -405.927
164  -407.892
165  -404.472
166  -408.248
167  -411.177
168  -417.923
169  -421.056
170  -424.175
171  -421.906
172  -422.485
173  -422.031
174  -421.889
175  -420.432
176  -423.979
177  -423.494
178  -427.775
179  -423.274
180  -420.037
181  -428.221
182  -429.104
183  -432.96
184  -435.191
185  -443.457
186  -447.518
187  -457.057
188  -463.707
189  -464.922
190  -469.799
191  -469.875
192  -467.887
193  -471.557
194  -469.64
195  -478.284
196  -475.725
197  -488.235
198  -476.401
199  -477.162
200  -477.151
201  -472.82
202  -472.82
203  -474.472
204  -471.843
205  -471.843
206  -481.336
207  -474.189
208  -464.345
209  -465.025
210  -470.451
211  -459.721
212  -452.088
213  -457.65
214  -449.656
215  -437.829
216  -430.623
217  -431.356
218  -426.207
219  -430.203
220  -433.023
221  -435.578
222  -438.329
223  -438.103
224  -438.103
225  -442.29
226  -453.011
227  -463.809
228  -462.966
229  -461.442
230  -466.683
231  -454.357
232  -446.785
233  -439.221
234  -446.341
235  -460.318
236  -467.674
237  -477.98
238  -481.807
239  -481.113
240  -478.825
241  -483.392
242  -488.276
243  -488.511
244  -484.609
245  -484.487
246  -484.609
247  -492.311
248  -501.721
249  -509.545
250  -518.778
251  -529.129
252  -537.688
253  -537.688
254  -541.839
255  -533.952
256  -528.113
257  -525.907
258  -519.585
259  -520.258
260  -525.014
261  -516.069
262  -508.398
263  -516.317
264  -520.142
265  -523.985
266  -531.865
267  -531.651
268  -535.849
269  -539.468
270  -550.898
271  -553.425
272  -557.876
273  -561.424
274  -549.208
275  -540.824
276  -548.833
277  -547.552
278  -555.188
279  -552.023
280  -556.304
281  -565.819
282  -557.315
283  -549.248
284  -554.279
285  -546.085
286  -535.174
287  -528.053
288  -520.54
289  -509.282
290  -502.246
291  -492.468
292  -481.855
293  -474.322
294  -478.258
295  -469.632
296  -474.746
297  -473.26
298  -470.703
299  -468.146
300  -459.52
301  -463.184
302  -452.911
303  -443.708
304  -445.842
305  -433.108
306  -427.674
307  -415.915
308  -417.851
309  -407.475
310  -395.256
311  -385.852
312  -387.226
313  -392.14
314  -386.801
315  -374.925
316  -382.267
317  -368.39
318  -375.732
319  -366.125
320  -372.609
321  -362.15
322  -349.869
323  -351.33
324  -353.457
325  -342.064
326  -344.025
327  -333.353
328  -335.037
329  -336.372
330  -326.878
331  -315.106
332  -306.37
333  -300.517
334  -293.611
335  -289.298
336  -287.084
337  -281.115
338  -272.317
339  -266.148
340  -268.09
341  -258.319
342  -245.353
343  -229.788
344  -221.614
345  -230.93
346  -214.699
347  -219.726
348  -205.183
349  -207.174
350  -206.19
351  -193.032
352  -187.147
353  -174.004
354  -164.532
355  -151.295
356  -141.754
357  -142.656
358  -129.405
359  -110.968
360  -100.457
361  -88.1755
362  -78.8624
363  -81.8879
364  -69.5535
365  -68.8549
366  -57.1205
367  -48.6793
368  -40.35
369  -32.9134
370  -29.6503
371  -22.1422
372  -19.4068
373  -10.1006
374  -8.611
375  0.650863
376  6.21358
377  15.1784
378  16.5401
379  25.7828
380  30.9757
381  40.2375
382  45.8002
383  47.7982
384  49.7962
385  59.0982
386  69.8731
387  81.4717
388  92.0375
389  94.9537
390  104.717
391  108.293
392  107.799
393  117.496
394  122.401
395  132.145
396  133.614
397  143.311
398  144.635
399  154.309
400  161.127
401  168.768
402  172.697
403  181.309
404  185.877
405  195.619
406  198.192
407  206.739
408  209.732
409  210.274
410  218.805
411  223.534
412  235.691
413  245.488
414  245.98
415  255.537
416  259.902
417  269.35
418  273.259
419  282.59
420  288.599
421  292.143
422  293.646
423  303.04
424  310.416
425  317.779
426  324.163
427  330.086
428  334.612
429  339.066
430  342.246
431  342.291
432  348.856
433  359.867
434  359.9
435  366.986
436  368.409
437  375.596
438  376.06
439  383.222
440  385.73
441  387.138
442  394.2
443  397.472
444  404.593
445  406.747
446  413.891
447  417.954
448  420.672
449  427.833
450  430.574
451  430.687
452  437.913
453  436.303
454  443.435
455  453.229
456  456.731
457  459.372
458  460.505
459  460.308
460  464.316
461  475.122
462  483.017
463  490.243
464  498.259
465  505.693
466  511.989
467  512.495
468  515.382
469  517.486
470  522.59
471  527.872
472  530.053
473  529.542
474  538.319
475  539.464
476  543.948
477  543.768
478  548.476
479  548.681
480  546.416
481  549.194
482  556.239
483  561.343
484  566.447
485  568.893
486  573.701
487  577.886
488  579.887
489  580.451
490  583.99
491  582.327
492  585.848
493  582.548
494  587.851
495  590.151
496  593.819
497  592.665
498  590.824
499  597.45
500  601.608
501  603.096
502  608.257
503  614.024
504  619.79
505  620.838
506  622.963
507  621.268
508  624.994
509  629.757
510  630.123
511  632.863
512  636.669
513  635.16
514  637.972
515  643.496
516  645.006
517  644.258
518  649.79
519  653.739
520  649.042
521  654.575
522  658.523
523  658.523
524  658.035
525  658.166
526  661.892
527  665.671
528  665.548
529  666.088
530  674.328
531  670.872
532  674.384
533  675.657
534  678.828
535  682.655
536  686.706
537  687.29
538  686.891
539  687.025
540  688.291
541  690.785
542  689.327
543  691.422
544  684.396
545  686.025
546  684.186
547  689.582
548  699.808
549  702.62
550  706.559
551  709.664
552  714.617
553  717.213
554  720.432
555  719.594
556  723.36
557  726.129
558  729.76
559  723.444
560  726.176
561  729.629
562  734.131
563  738.091
564  738.406
565  741.565
566  738.537
567  741.162
568  737.701
569  742.248
570  740.552
571  739.41
572  743.933
