1  -23.5963
2  -19.484
3  2.36019
4  -4.51071
5  -8.03242
6  -13.0644
7  -18.8177
8  -21.6342
9  -20.7827
10  -20.0245
11  -19.4115
12  -18.9854
13  -18.4111
14  -29.8669
15  -54.8993
16  -59.2831
17  -65.9085
18  -72.5458
19  -80.196
20  -87.6009
21  -95.3696
22  -98.7206
23  -106.006
24  -109.046
25  -112.059
26  -117.327
27  -124.818
28  -129.292
29  -133.478
30  -137.387
31  -141.028
32  -143.175
33  -145.211
34  -147.311
35  -149.612
36  -139.637
37  -124.036
38  -109.12
39  -107.545
40  -100.048
41  -103.132
42  -91.7414
1  -115.338
2  -111.225
3  -89.3812
4  -96.2521
5  -99.7738
6  -104.806
7  -110.559
8  -113.376
9  -112.524
10  -111.766
11  -111.153
12  -110.727
13  -110.517
14  -121.858
15  -147.005
16  -151.502
17  -157.129
18  -162.992
19  -169.077
20  -180.813
21  -186.312
22  -193.044
23  -199.531
24  -204.352
25  -206.826
26  -208.17
27  -210.286
28  -213.388
29  -218.724
30  -226.116
31  -229.293
32  -232.206
33  -235.449
34  -248.886
35  -247.923
36  -248.722
37  -249.287
38  -249.919
39  -252.015
40  -247.141
41  -251.725
42  -254.215
43  -256.72
44  -260.59
45  -255.57
46  -259.578
47  -254.649
48  -238.516
49  -240.854
50  -224.721
51  -223.231
52  -221.867
53  -223.231
54  -221.867
55  -223.231
56  -217.125
57  -223.231
58  -217.125
59  -223.231
60  -217.125
61  -223.231
62  -222.585
63  -221.995
64  -221.499
65  -220.718
66  -221.085
67  -205.573
68  -206.06
69  -199.599
70  -194.623
71  -194.403
72  -191.428
73  -191.052
