------------------Joints-------------------
8
165 212.374
163 158.374
237 213.374
233 153.374
113.405 99.2695
89.2296 9.04462
267.713 93.2494
259.555 0
------------------Lines(poit_num1 point_num2)-------------------
10
0 1
0 2
0 3
1 2
1 3
1 4
2 3
3 6
4 5
6 7
------------------Movable lines (line_num turn_point_num)-------------------
4
5 1
7 3
8 4
9 6
------------------Unit fall angle-------------------
0.174533
------------------Unit turn angle-------------------
0.174533
------------------Turn intervals (min_angle max_angle)-------------------
10
0 0
0 0
0 0
0 0
0 0
3.14159 4.71239
0 0
4.71239 6.28319
3.92699 5.49779
3.92699 5.49779
------------------Initial states (state_num state_count)-------------------
10
-1 1
-1 1
-1 1
-1 1
-1 1
5 10
-1 1
3 10
3 10
4 10
------------------Dependent lines (line_count list_of_lines)-------------------
10
0 
0 
0 
0 
0 
1 8 
0 
1 9 
0 
0 
