------------------Joints-------------------
16
173 216.851
243 217.851
171 164.851
243 168.851
98.8912 145.53
81.1701 79.3937
300.002 121.021
318.96 50.2703
35.2844 91.2049
120.948 54.9455
26.2433 54.9798
92.3964 26.4884
274.71 34.4279
361.872 55.0126
291.285 0
364.662 14.5872
------------------Lines(poit_num1 point_num2)-------------------
18
0 1
0 2
1 3
2 3
2 4
3 6
4 5
5 8
5 9
6 7
7 12
7 13
8 10
9 11
10 11
12 14
13 15
14 15
------------------Movable lines (line_num turn_point_num)-------------------
4
4 2
5 3
6 4
9 6
------------------Unit fall angle-------------------
0.0872665
------------------Unit turn angle-------------------
0.174533
------------------Turn intervals (min_angle max_angle)-------------------
18
0 0
0 0
0 0
0 0
2.35619 4.62512
4.71239 6.98132
3.92699 5.49779
0 0
0 0
3.92699 5.49779
0 0
0 0
0 0
0 0
0 0
0 0
0 0
0 0
------------------Initial states (state_num state_count)-------------------
18
-1 1
-1 1
-1 1
-1 1
6 14
5 14
3 10
-1 1
-1 1
6 10
-1 1
-1 1
-1 1
-1 1
-1 1
-1 1
-1 1
-1 1
------------------Dependent lines (line_count list_of_lines)-------------------
18
0 
0 
0 
0 
6 6 7 8 12 13 14 
6 9 10 11 15 16 17 
5 7 8 12 13 14 
0 
0 
5 10 11 15 16 17 
0 
0 
0 
0 
0 
0 
0 
0 
------------------Head points-------------------
0
