------------------Joints-------------------
8
178 211.178
264 209.178
178 146.178
274 146.178
100.486 150.24
142.258 60.6579
283.738 66.8674
225.611 0
------------------Lines(poit_num1 point_num2)-------------------
8
0 1
0 2
1 3
2 3
2 4
3 6
4 5
6 7
------------------Movable lines (line_num turn_point_num)-------------------
4
4 2
5 3
6 4
7 6
------------------Unit fall angle-------------------
0.0872665
------------------Unit turn angle-------------------
0.174533
------------------Turn intervals (min_angle max_angle)-------------------
8
0 0
0 0
0 0
0 0
2.56563 5.00909
3.9619 5.88176
3.75246 6.54498
2.42601 6.0912
------------------Initial states (state_num state_count)-------------------
8
-1 1
-1 1
-1 1
-1 1
3 15
5 12
8 17
9 22
------------------Dependent lines (line_count list_of_lines)-------------------
8
0 
0 
0 
0 
1 6 
1 7 
0 
0 
------------------Head points-------------------
2
0 1 
