------------------Joints-------------------
8
164 250.475
265 252.475
160 163.475
275 160.475
82.3489 109.103
91.1723 8.25131
333.536 90.7148
309.229 0
------------------Lines(poit_num1 point_num2)-------------------
8
0 1
0 2
1 3
2 3
2 4
3 6
4 5
6 7
------------------Movable lines (line_num turn_point_num)-------------------
4
4 2
5 3
6 4
7 6
------------------Unit fall angle-------------------
0.174533
------------------Unit turn angle-------------------
0.174533
------------------Turn intervals (min_angle max_angle)-------------------
8
0 0
0 0
0 0
0 0
2.35619 4.62512
4.71239 6.98132
3.92699 5.49779
3.92699 5.49779
------------------Initial states (state_num state_count)-------------------
8
-1 1
-1 1
-1 1
-1 1
8 14
4 14
5 10
3 10
------------------Dependent lines (line_count list_of_lines)-------------------
8
0 
0 
0 
0 
1 6 
1 7 
0 
0 
------------------Head points-------------------
2
0 1 
