------------------Joints-------------------
11
194 181.747
244 181.747
217 139.747
204.754 70.2989
242.42 69.9057
204.754 7.29092
202.123 4.25286
233.513 10.7845
242.42 3.16184
230.395 0.26424
261.394 0
------------------Lines(poit_num1 point_num2)-------------------
11
0 1
0 2
1 2
2 3
2 4
3 5
4 8
5 6
5 7
8 9
8 10
------------------Movable lines (line_num turn_point_num)-------------------
4
3 2
4 2
5 3
6 4
------------------Unit fall angle-------------------
0.0872665
------------------Unit turn angle-------------------
0.174533
------------------Turn intervals (min_angle max_angle)-------------------
11
0 0
0 0
0 0
4.53786 6.28319
4.53786 6.28319
2.44346 4.71239
2.44346 4.71239
0 0
0 0
0 0
0 0
------------------Initial states (state_num state_count)-------------------
11
-1 1
-1 1
-1 1
0 11
3 11
13 14
13 14
-1 1
-1 1
-1 1
-1 1
------------------Dependent lines (line_count list_of_lines)-------------------
11
0 
0 
0 
3 5 7 8 
3 6 9 10 
2 9 10 
2 9 10 
0 
0 
0 
0 
------------------Head points-------------------
0
