------------------Joints-------------------
8
147 236.912
251 239.912
150 160.912
252 156.912
104.326 95.6822
291.386 88.6932
128.893 3.99556
250.028 0
------------------Lines(poit_num1 point_num2)-------------------
9
0 1
0 2
0 3
1 3
2 3
2 4
3 5
4 6
5 7
------------------Movable lines (line_num turn_point_num)-------------------
4
5 2
6 3
7 4
8 5
------------------Unit fall angle-------------------
0.0872665
------------------Unit turn angle-------------------
0.174533
------------------Turn intervals (min_angle max_angle)-------------------
9
0 0
0 0
0 0
0 0
0 0
2.35619 4.62512
4.71239 6.98132
3.92699 5.49779
3.92699 5.49779
------------------Initial states (state_num state_count)-------------------
9
-1 1
-1 1
-1 1
-1 1
-1 1
10 14
3 14
6 10
2 10
------------------Dependent lines (line_count list_of_lines)-------------------
9
0 
0 
0 
0 
0 
1 7 
1 8 
0 
0 
------------------Head points-------------------
0
