--------------------------Creature Joints----------------------------
230.61484403 78.87004968
291.94075356 87.98776981
361.33926587 73.81340544
375.77340557 70.86577195
433.71476898 84.57394021
422.13480730 12.49095546
439.95434007 65.46780145
427.28555159 113.87705547
407.50716880 0.00000000
449.41283198 29.22159024
277.34397760 109.74814736
284.41013735 171.35221744
276.36928486 38.32891735
347.58607447 48.91717868
186.65205081 75.36679230
--------------------------Creature States----------------------------
-1 7 2 -1 0 0 6 6 -1 -1 -1 -1 6 0 
---------------------------------------------------------------------
