1  11.5633
2  22.2493
3  28.4432
4  52.503
5  62.5201
6  66.8464
7  88.5294
8  102.18
9  128.759
10  117.299
11  111.187
12  112.131
13  123.907
14  118.699
15  114.313
16  110.22
17  107.948
18  123.419
19  141.868
20  142.818
21  142.477
22  160.079
23  160.079
24  185.164
25  176.076
26  185.894
27  187.368
28  202.588
29  200.456
30  207.541
31  201.6
32  204.112
33  205.292
34  199.817
35  205.726
36  226.234
37  234.398
38  246.821
39  249.805
40  222.483
41  211.373
42  193.939
43  192.883
44  185.777
45  174.411
46  186.124
47  194.514
48  179.25
49  188.963
50  188.661
51  187.758
52  172.281
53  191.444
54  191.726
55  188.893
56  173.496
57  176.556
58  179.219
59  175.849
60  177.565
61  177.565
62  177.565
63  177.565
64  175.981
65  178.779
66  166.371
67  163.824
68  159.497
69  144.626
70  144.73
71  121.667
72  111.205
73  111.399
74  113.509
75  108.781
76  109.837
77  111.199
78  103.138
79  104.372
80  104.5
81  115.483
82  138.654
83  130.317
84  129.244
85  129.244
86  127.169
87  109.75
88  109.277
89  102.236
90  90.8759
91  91.2697
92  91.7061
93  87.1393
94  77.5016
95  65.7495
96  63.5665
97  74.2954
98  85.1817
99  67.8551
100  75.2852
101  78.1336
102  77.7341
103  78.1336
104  65.9121
105  43.5655
106  33.2358
107  28.0618
108  15.5501
109  17.1014
110  16.6777
111  -6.8394
112  -17.371
113  -19.4802
114  -24.4195
115  -25.0638
116  -25.3765
117  -40.9244
118  -31.1754
119  -33.0688
120  -34.0285
121  -46.1689
122  -45.7978
123  -61.0504
124  -60.54
125  -60.267
126  -59.5671
127  -60.267
128  -61.0504
129  -65.1081
130  -66.3618
131  -66.4822
132  -68.7538
133  -80.3093
134  -90.5057
135  -96.7527
136  -114.893
137  -114.589
138  -118.639
139  -116.973
140  -102.963
141  -110.796
142  -95.8986
143  -85.126
144  -82.8011
145  -94.1475
146  -99.9835
147  -107.867
148  -119.904
149  -120.574
150  -120.303
151  -102.362
152  -117.654
153  -93.8688
154  -75.254
155  -88.0918
156  -96.9176
157  -122.199
158  -134.192
159  -109.067
160  -123.828
161  -136.1
162  -150.861
163  -163.133
164  -177.894
165  -190.166
166  -204.927
167  -217.199
168  -210.937
169  -204.732
170  -229.986
171  -241.978
172  -220.896
173  -224.512
174  -203.174
175  -208.83
176  -234.169
177  -246.015
178  -234.599
179  -235.211
180  -242.257
181  -254.955
182  -265.091
183  -275.062
184  -272.261
185  -273.091
186  -296.797
187  -307.892
188  -331.598
189  -342.693
190  -319.365
191  -333.136
192  -321.648
193  -346.334
194  -335.065
195  -329.732
196  -302.201
197  -318.572
198  -329.837
199  -319.151
200  -333.075
201  -332.109
202  -355.112
203  -352.336
204  -342.139
205  -347.18
206  -372.338
207  -385.674
208  -395.072
209  -409.761
210  -406.164
211  -405.756
212  -429.081
213  -426.224
214  -434.81
215  -431.339
216  -442.779
217  -437.734
218  -427.208
219  -437.525
220  -439.097
221  -434.805
222  -447.229
223  -441.732
224  -437.115
225  -428.138
226  -418.982
227  -412.236
228  -413.399
229  -410.928
230  -404.489
231  -409.424
232  -411.696
233  -412.848
234  -414.409
235  -417.426
236  -424.626
237  -423.205
238  -415.426
239  -401.89
240  -394.413
241  -395.334
242  -395.714
243  -381.201
244  -373.54
245  -387.4
246  -384.909
247  -384.486
248  -383.159
249  -383.159
250  -384.486
251  -389.295
252  -392.043
253  -394.393
254  -394.199
255  -394.199
256  -393.628
257  -394.758
258  -394.027
259  -394.111
260  -393.054
261  -378.198
262  -370.202
263  -369.352
264  -370.717
265  -357.759
266  -349.888
267  -336.601
268  -337.101
269  -332.93
270  -333.458
271  -333.229
272  -333.73
273  -330.862
274  -322.659
275  -311.153
276  -313.851
277  -312.157
278  -317.465
279  -326.412
280  -332.465
281  -331.703
282  -329.28
283  -332.683
284  -332.716
285  -322.611
286  -315.271
287  -319.638
288  -327.421
289  -316.793
290  -312.366
291  -309.309
292  -311.977
293  -310.094
294  -338.867
295  -371.011
296  -370.781
297  -368.865
298  -360.15
299  -355.613
300  -357.035
301  -360.382
302  -359.521
303  -360.382
304  -357.041
305  -358.883
306  -361.534
307  -340.562
308  -315.833
309  -319.842
310  -317.873
311  -317.272
312  -323.351
313  -321.324
314  -351.526
315  -354.805
316  -349.974
317  -348.185
318  -360.481
