1  -12.3909
2  -11.4277
3  -7.2357
4  -2.2465
5  3.28602
6  3.91321
7  4.67667
8  5.5532
9  6.51616
10  7.5363
11  8.58262
12  7.78122
13  5.52091
14  1.73433
15  -3.48
16  10.5021
17  5.28777
18  19.2699
19  14.0555
20  28.0377
21  22.8233
22  36.8054
23  31.5911
24  45.5732
25  40.3589
26  54.341
27  49.1267
28  63.1088
29  57.8944
30  71.8765
31  66.6622
32  80.6443
33  75.43
34  89.4121
35  84.1978
36  98.1799
37  92.9655
38  106.948
39  101.733
40  115.715
41  110.501
42  124.483
43  119.269
44  133.251
45  128.037
46  142.019
47  136.804
48  150.787
49  145.572
50  159.554
51  154.34
52  168.322
53  163.108
54  177.09
55  171.876
56  185.858
57  180.643
58  194.625
59  189.411
60  203.393
61  198.179
62  212.161
63  206.947
64  220.929
65  215.714
66  229.696
67  224.482
68  238.464
69  233.25
70  247.232
71  242.018
72  256
73  250.785
74  264.768
75  259.553
76  273.535
77  268.321
78  282.303
79  277.089
80  291.071
81  285.857
82  299.839
83  294.624
84  308.606
85  303.392
86  317.374
87  312.16
88  326.142
89  320.928
90  334.91
91  329.695
92  343.678
93  338.463
94  352.445
95  347.231
96  361.213
97  355.999
98  369.981
99  364.767
100  378.749
101  373.534
102  387.516
103  382.302
104  396.284
105  391.07
106  405.052
107  399.838
108  413.82
109  408.605
110  422.588
111  417.373
112  431.355
113  426.141
114  440.123
115  434.909
116  448.891
117  443.677
118  457.659
119  452.444
120  466.426
121  461.212
122  475.194
123  469.98
124  483.962
125  478.748
126  492.73
127  487.515
128  501.498
129  496.283
130  510.265
131  505.051
132  519.033
133  513.819
134  527.801
135  522.587
136  536.569
137  531.354
138  545.336
139  540.122
140  554.104
141  548.89
142  562.872
143  557.658
144  571.64
145  566.425
146  580.408
147  575.193
148  589.175
149  583.961
150  597.943
151  592.729
152  606.711
153  601.497
154  615.479
155  610.264
156  624.246
157  619.032
158  633.014
159  627.8
160  641.782
161  636.568
162  650.55
163  645.335
164  659.317
165  654.103
166  668.085
167  662.871
168  676.853
169  671.639
170  685.621
171  680.406
172  694.389
173  689.174
174  703.156
175  697.942
176  711.924
177  706.71
178  720.692
179  715.478
180  729.46
181  724.245
182  738.227
183  733.013
184  746.995
185  741.781
186  755.763
187  750.549
188  764.531
189  759.316
190  773.299
191  768.084
192  782.066
193  776.852
194  790.834
195  785.62
196  799.602
197  794.388
198  808.37
199  803.155
200  817.137
201  811.923
202  825.905
203  820.691
204  834.673
205  829.459
206  843.441
207  838.226
208  852.209
209  846.994
210  860.976
211  855.762
212  869.744
213  864.53
214  878.512
215  873.298
216  887.28
217  882.065
218  896.047
219  890.833
220  904.815
221  899.601
222  913.583
223  908.369
224  922.351
225  917.136
226  931.119
227  925.904
228  939.886
229  934.672
230  948.654
231  943.44
232  957.422
233  952.208
234  966.19
235  960.975
236  974.957
237  969.743
238  983.725
239  978.511
240  992.493
241  987.279
242  1001.26
243  996.046
244  1010.03
245  1004.81
246  1018.8
247  1013.58
248  1027.56
249  1022.35
250  1036.33
251  1031.12
252  1045.1
253  1039.89
254  1053.87
255  1048.65
256  1062.64
257  1057.42
258  1071.4
259  1066.19
260  1080.17
261  1074.96
262  1088.94
263  1083.72
264  1097.71
265  1092.49
266  1106.47
267  1101.26
268  1115.24
269  1110.03
270  1124.01
271  1118.8
272  1132.78
273  1127.56
274  1141.55
275  1136.33
276  1150.31
277  1145.1
278  1159.08
279  1153.87
280  1167.85
281  1162.63
282  1176.62
283  1171.4
284  1185.38
285  1180.17
286  1194.15
287  1188.94
288  1202.92
289  1197.71
290  1211.69
291  1206.47
292  1220.46
293  1215.24
294  1229.22
295  1224.01
296  1237.99
297  1232.78
298  1246.76
299  1241.54
300  1255.53
301  1250.31
302  1264.29
303  1259.08
304  1273.06
305  1267.85
306  1281.83
307  1276.62
308  1290.6
309  1285.38
310  1299.37
311  1294.15
312  1308.13
313  1302.92
314  1316.9
315  1311.69
316  1325.67
317  1320.45
318  1334.44
319  1329.22
320  1343.2
321  1337.99
322  1351.97
323  1346.76
324  1360.74
325  1355.53
326  1369.51
327  1364.29
328  1378.28
329  1373.06
330  1387.04
331  1381.83
332  1395.81
333  1390.6
334  1404.58
335  1399.36
336  1413.35
