1  2.08532
2  10.0268
3  20.2101
4  30.2061
5  38.6456
6  41.8502
7  36.991
8  29.4293
9  21.5649
10  14.0032
11  6.13875
12  -8.60068
13  6.78031
14  20.7988
15  15.972
16  25.1717
17  34.3714
18  29.0478
19  37.955
20  45.0287
21  52.4505
22  59.8838
23  83.8128
24  80.5813
25  91.4506
26  99.0508
27  107.418
28  115.599
29  119.112
30  125.002
31  125.831
32  121.674
33  121.231
34  121.361
35  120.473
36  120.473
37  120.473
38  119.769
39  120.529
40  120.736
41  120.736
42  119.649
43  119.219
44  118.656
45  119.013
46  118.118
47  117.545
48  116.657
49  116.083
50  114.932
51  114.622
52  113.16
53  112.272
54  109.872
55  107.328
56  104.04
57  99.6701
58  96.996
59  97.5595
60  96.996
61  96.996
62  97.9623
63  96.996
64  96.996
65  96.6115
66  95.8825
67  95.7623
68  94.6489
69  93.6556
70  93.2712
71  92.5421
72  93.3023
73  92.8995
74  93.1057
75  93.1057
76  92.5421
77  92.8995
78  93.1057
79  93.5085
80  93.5085
81  92.4219
82  91.4287
83  91.5594
84  88.2712
85  86.5528
86  85.9977
87  84.2361
88  81.3181
89  82.0782
90  81.4488
91  79.8566
92  79.8566
93  79.9873
94  78.5258
95  77.0643
96  75.9132
97  75.4721
98  75.0877
99  75.3519
100  74.2384
101  73.2452
102  73.3759
103  70.0877
104  68.9153
105  67.5605
106  63.8579
107  58.5743
108  53.1632
109  49.9575
110  48.6143
111  41.2192
112  34.3453
113  29.9273
114  22.9484
115  20.7941
116  19.0274
117  14.3969
118  10.1461
119  9.67518
120  9.67518
121  9.03683
122  5.37833
123  2.76856
124  -0.28727
125  -1.17525
126  -3.57546
127  -5.2938
128  -6.25579
129  -9.02674
130  -10.3815
131  -10.3815
132  -13.1688
133  -14.761
134  -13.7946
135  -14.1974
136  -13.7946
137  -13.7946
138  -14.761
139  -14.4037
140  -14.1974
141  -13.7946
142  -14.1974
143  -14.761
144  -14.8812
145  -15.9947
146  -16.4243
147  -17.1081
148  -18.2216
149  -19.2148
150  -19.0841
151  -20.6763
152  -19.71
153  -20.7965
154  -21.2262
155  -21.91
156  -21.9369
157  -22.3397
158  -22.3397
159  -23.0234
160  -24.1369
161  -25.1302
162  -24.1638
163  -25.2504
164  -25.2773
165  -25.68
166  -25.68
167  -25.2773
168  -25.68
169  -25.68
170  -25.2773
171  -25.68
172  -25.2773
173  -26.2436
174  -25.8863
175  -26.2436
176  -26.1129
177  -27.7051
178  -27.7051
179  -27.7051
180  -27.1415
181  -27.8253
182  -28.8186
183  -27.8522
184  -28.9388
185  -28.9657
186  -28.9657
187  -28.9657
188  -28.9657
189  -28.9657
190  -29.3684
191  -28.9657
192  -30.0522
193  -30.4819
194  -30.4819
195  -30.0791
196  -31.1657
197  -31.5954
198  -32.159
199  -31.1926
200  -32.2791
201  -32.306
202  -33.2724
203  -33.6568
204  -34.5463
205  -38.5132
206  -41.0327
207  -42.913
208  -42.913
209  -45.0501
210  -47.5936
211  -49.0551
212  -52.3433
213  -55.0175
214  -55.4019
215  -56.2914
216  -57.6703
217  -58.3994
218  -58.7838
219  -59.5128
220  -59.633
221  -59.6599
222  -59.6599
223  -60.7465
224  -61.7397
225  -61.8599
226  -61.8868
227  -62.2896
228  -61.8868
229  -62.9734
230  -63.9666
231  -63.4031
232  -63.4031
233  -64.0868
234  -64.1137
235  -64.5165
236  -65.0801
