--------------------------Creature Joints----------------------------
194.00000000 181.74700000
244.00000000 181.74700000
217.00000000 139.74700000
204.75400000 70.29890000
242.42000000 69.90570000
204.75400000 7.29092000
202.12300000 4.25286000
233.51300000 10.78450000
242.42000000 3.16184000
230.39500000 0.26424000
261.39400000 0.00000000
--------------------------Creature States----------------------------
-1 -1 -1 0 3 13 13 -1 -1 -1 -1 
---------------------------------------------------------------------
