------------------Joints-------------------
10
148 190.458
227 192.458
148 135.458
235 135.458
74.7614 115.834
68.1324 40.0641
291.11 88.3764
268.746 4.91458
26.7119 32.7606
296.618 0
------------------Lines(poit_num1 point_num2)-------------------
10
0 1
0 2
1 3
2 3
2 4
3 6
4 5
5 8
6 7
7 9
------------------Movable lines (line_num turn_point_num)-------------------
6
4 2
5 3
6 4
7 5
8 6
9 7
------------------Unit fall angle-------------------
0.174533
------------------Unit turn angle-------------------
0.174533
------------------Turn intervals (min_angle max_angle)-------------------
10
0 0
0 0
0 0
0 0
2.35619 4.62512
4.71239 6.98132
3.92699 5.49779
3.14159 4.71239
3.92699 5.49779
4.71239 6.28319
------------------Initial states (state_num state_count)-------------------
10
-1 1
-1 1
-1 1
-1 1
6 14
5 14
4 10
1 10
3 10
8 10
------------------Dependent lines (line_count list_of_lines)-------------------
10
0 
0 
0 
0 
2 6 7 
2 8 9 
1 7 
0 
1 9 
0 
