------------------Joints-------------------
16
145 177.125
219 177.125
143 121.125
218 121.125
168 177.125
201 178.125
167 210.125
201 211.125
97.9556 76.0808
255.668 76.2347
117.119 4.56313
235.241 0
98.8925 185.255
57.0836 155.98
266.554 194.434
299.058 161.93
------------------Lines(poit_num1 point_num2)-------------------
19
0 2
0 3
0 4
0 12
1 2
1 3
1 5
1 14
2 3
2 8
3 9
4 5
4 6
5 7
6 7
8 10
9 11
12 13
14 15
------------------Movable lines (line_num turn_point_num)-------------------
8
3 0
7 1
9 2
10 3
15 8
16 9
17 12
18 14
------------------Unit fall angle-------------------
0.174533
------------------Unit turn angle-------------------
0.174533
------------------Turn intervals (min_angle max_angle)-------------------
19
0 0
0 0
0 0
1.5708 4.71239
0 0
0 0
0 0
4.71239 7.85398
0 0
2.35619 4.62512
4.71239 6.98132
0 0
0 0
0 0
0 0
3.92699 5.49779
3.92699 5.49779
2.35619 3.92699
5.49779 7.06858
------------------Initial states (state_num state_count)-------------------
19
-1 1
-1 1
-1 1
8 19
-1 1
-1 1
-1 1
11 19
-1 1
9 14
4 14
-1 1
-1 1
-1 1
-1 1
6 10
3 10
8 10
0 10
------------------Dependent lines (line_count list_of_lines)-------------------
19
0 
0 
0 
1 17 
0 
0 
0 
1 18 
0 
1 15 
1 16 
0 
0 
0 
0 
0 
0 
0 
0 
