1  1.19518
2  -3.72608
3  -26.7059
4  1.197
5  26.3175
6  47.8923
7  55.1794
8  66.4019
9  79.2115
10  93.534
11  88.8552
12  83.8077
13  78.5866
14  78.1716
15  75.8149
16  72.3887
17  63.6216
18  45.0255
19  67.1337
20  53.1566
21  73.7709
22  67.9977
23  53.9079
24  76.0428
25  71.4194
26  62.832
27  42.1168
28  66.3556
29  50.1969
30  73.0306
31  65.012
32  48.2634
33  69.7951
34  59.2015
35  33.6542
36  59.2149
37  33.6857
38  59.2417
39  33.7486
40  59.2952
41  33.8743
42  59.4023
43  34.1254
44  59.6162
45  34.6268
46  60.0427
47  35.6256
48  60.8909
49  37.6074
50  62.5683
51  41.5064
52  65.8454
53  49.0364
54  72.0813
55  62.9526
56  43.4598
57  65.8385
58  50.1766
59  71.3566
60  62.6925
61  41.794
62  66.086
63  49.5839
