1  -10.6907
2  -20.5083
3  -28.24
4  -23.8599
5  -34.4618
6  -32.7846
7  -24.8718
8  -15.4301
9  -4.48482
10  5.99068
11  15.6376
12  24.3826
13  32.159
14  29.0444
15  36.6931
16  33.4513
17  31.2272
18  27.958
19  19.6012
20  10.4154
21  0.553579
22  -4.71235
23  -14.2556
24  -25.2039
25  -22.6171
26  -29.5785
27  -37.5849
28  -46.5838
29  -55.6577
30  -69.1127
31  -84.0681
32  -100.767
33  -71.3463
34  -73.9932
35  -58.12
36  -59.9089
37  -63.2025
38  -67.5711
39  -53.8075
40  -57.7183
41  -47.4804
42  -59.2809
43  -56.1287
44  -43.1314
45  -28.3364
46  -15.3391
47  -21.1333
48  -26.7119
49  -32.6774
50  -35.1521
51  -21.4986
52  -8.46935
53  -1.60143
54  6.78133
55  10.169
56  13.9354
57  20.3717
58  13.6373
59  4.33848
60  14.1908
61  4.02362
62  16.8606
63  15.0033
64  26.7361
65  32.7036
66  33.7737
67  47.4272
68  49.4451
69  56.2027
70  44.9135
71  33.8102
72  21.0137
73  15.1855
74  28.7148
75  19.9545
76  6.83836
77  19.3192
78  32.5896
79  43.8321
80  57.3614
81  77.7837
82  81.569
83  86.8701
84  74.2059
85  62.4715
86  49.8073
87  38.073
88  51.0541
89  46.2603
90  43.412
91  54.7102
92  61.9691
93  52.7807
94  50.7119
95  46.5264
96  59.5664
97  53.8393
98  60.5915
99  64.5833
100  53.3028
101  42.4987
102  53.5818
103  66.1405
104  57.6326
105  68.9079
106  65.135
107  82.8352
108  76.5679
109  65.5051
110  79.5337
111  73.9777
112  61.4736
113  48.9735
114  60.6008
115  49.5896
116  56.7152
117  70.7902
118  84.3243
119  97.2145
120  92.4938
121  99.7976
122  88.2812
123  77.3139
124  86.3384
125  92.9526
126  101.078
127  95.5814
128  96.8816
129  95.3045
130  91.6822
131  97.0348
132  91.7392
133  89.5862
134  87.0711
135  98.8178
136  111.472
137  129.634
138  143.021
139  149.246
140  142.877
141  153.393
142  163.332
143  160.672
144  155.68
145  144.027
146  150.736
147  144.178
148  134.961
149  148.187
150  136.928
151  137.143
152  125.361
153  113.063
154  104.608
155  116.808
156  118.115
157  107.311
158  98.8026
159  87.604
160  76.3506
161  73.4835
162  84.5666
163  97.1252
164  103.562
165  91.9262
166  80.9589
167  88.5394
168  97.8247
169  110.199
170  118.605
171  131.586
172  135.414
173  142.995
174  152.28
175  150.52
176  143.962
177  142.415
178  155.194
179  147.828
180  136.575
181  133.708
182  144.791
183  156.56
184  168.925
185  154.72
186  145.575
187  159.499
188  172.852
189  163.072
190  151.419
191  164.008
192  153.399
193  142.595
194  131.315
195  120.511
196  109.23
197  98.4262
198  87.1457
199  93.2271
200  86.3044
201  75.305
202  64.1616
203  60.8039
204  73.0976
205  85.9072
206  84.561
207  76.3675
208  72.0855
209  66.4592
210  51.4195
211  44.2254
212  28.1306
213  36.373
214  38.6483
215  52.7478
216  36.5315
217  21.5022
218  27.0151
219  43.2778
220  58.9409
221  73.885
222  71.9
223  66.2506
224  80.1654
225  69.2733
226  83.0988
227  75.1436
228  67.3281
229  75.2825
230  78.5403
231  73.1393
232  78.9604
233  82.3332
234  95.1438
235  104.68
236  98.1225
237  85.5108
238  81.2735
239  75.7127
240  76.7828
241  90.4363
242  103.466
243  93.1648
244  87.9909
245  77.2814
246  86.6256
247  92.3462
248  104.079
249  117.358
250  129.947
251  119.339
252  108.535
253  114.971
254  108.237
255  106.508
256  107.26
257  98.7523
258  95.8851
259  84.6046
260  73.8005
261  62.52
262  51.7159
263  43.208
264  33.6935
265  40.0048
266  51.7682
267  44.9581
268  48.3315
269  60.3921
270  67.5524
271  75.8085
272  70.1847
273  68.133
274  69.9389
275  67.4238
276  58.3443
277  58.8418
278  56.6889
279  49.3538
280  43.0155
281  36.9122
282  36.6167
283  39.9123
284  49.1976
285  47.4377
286  40.8798
287  38.429
288  29.9456
289  17.8045
290  15.131
291  6.15996
292  3.48638
293  -8.49662
294  -20.1501
295  -32.1331
296  -43.7866
297  -32.0538
298  -19.7191
299  -33.9025
300  -44.9137
301  -32.1526
302  -17.763
303  -3.83883
304  9.51387
305  22.1935
306  34.3826
307  46.2866
308  59.7576
309  72.5682
310  82.1049
311  69.8069
312  77.3555
313  78.7725
314  65.0597
315  71.8173
316  65.4484
317  75.9644
318  85.9029
319  98.7495
320  95.3577
321  93.506
322  100.319
323  100.142
324  107.056
325  108.112
326  104.639
327  92.1135
328  87.2132
329  75.8804
330  79.0487
331  76.3751
332  67.4041
333  67.2277
334  80.4807
335  77.3644
336  90.9488
337  80.3741
338  88.8685
339  86.4555
340  77.4565
341  71.2836
342  60.5566
343  48.316
344  51.5978
345  68.2023
346  61.121
347  75.8711
348  69.1056
349  61.8951
350  57.7736
351  70.5347
352  67.8773
353  77.1125
354  67.9138
355  81.5217
356  81.0288
357  65.5034
358  51.0241
359  35.4987
360  21.0194
361  13.429
362  9.18765
363  24.9146
364  27.459
365  22.0779
366  27.8418
367  32.4693
368  36.2456
369  32.4693
370  36.2456
371  39.0562
372  36.2456
373  35.737
374  43.4049
375  41.5642
376  29.0641
377  16.56
378  4.05983
379  -8.44426
380  -17.9828
381  -11.1956
382  -9.53657
383  -12.0113
384  -6.74944
385  -12.4248
386  -1.91021
387  8.10203
388  14.0008
389  15.0709
390  27.7973
391  41.3218
392  42.8205
393  36.2102
394  50.9761
395  40.9124
396  51.8264
397  50.504
398  50.7671
399  57.8927
400  60.3471
401  55.6104
402  49.7528
403  63.021
404  77.0154
405  91.6294
406  95.3415
407  88.6225
408  103.512
409  118.817
410  134.128
411  151.062
412  167.521
413  178.588
414  192.348
415  184.154
416  181.424
417  167.59
418  165.981
419  170.819
420  166.537
421  175.772
422  170.696
423  181.849
424  174.16
425  175.546
426  167.858
427  169.244
428  173.015
429  178.779
430  177.454
431  177.216
432  184.342
433  186.797
434  192.86
435  186.355
436  198.233
437  190.354
438  202.046
439  201.601
440  200.278
441  221.422
442  224.324
443  228.465
444  225.598
445  236.681
446  249.24
447  255.676
448  244.041
449  233.073
450  244.372
451  247.656
452  235.673
453  224.019
454  235.752
455  249.031
456  260.764
457  266.732
458  275.553
459  261.144
460  258.153
461  262.322
462  261.231
463  276.141
464  261.25
465  253.471
466  266.197
467  276.328
468  277.492
469  290.803
470  303.431
471  305.758
472  299.023
473  289.725
474  297.384
475  291.804
476  286.581
477  275.24
478  273.526
479  259.813
480  273.002
481  278.536
482  287.821
483  274.566
484  272.523
485  285.504
486  273.934
487  262.941
488  250.932
489  239.94
490  243.327
491  247.094
492  235.813
493  225.009
494  213.729
495  202.925
496  209.361
497  216.941
498  208.248
499  205.404
500  196.711
501  193.867
502  203.152
503  215.527
504  223.932
505  211.268
506  199.534
507  186.869
508  175.135
509  188.116
510  188.903
511  185.536
512  195.033
513  192.74
514  187.546
515  176.742
516  183.178
517  174.556
518  171.708
519  160.072
520  160.403
521  163.688
522  151.705
