--------------------------Creature Joints----------------------------
411.59704194 205.48975768
470.54451217 149.92721856
401.45296486 137.42289570
333.62510423 67.21995674
476.47432058 64.93985522
293.07020071 7.12607598
520.37051556 4.49055603
261.34928613 11.46024826
323.30623268 0.00000000
495.75660158 0.00000000
547.38508150 6.29072412
--------------------------Creature States----------------------------
-1 -1 -1 9 9 1 12 -1 -1 -1 -1 
---------------------------------------------------------------------
