1  -408.362
2  -410.674
3  -410.665
4  -409.986
5  -404.298
6  -404.298
7  -404.298
8  -411.729
9  -415.064
10  -411.877
11  -416.716
12  -419.028
13  -411.641
14  -419.154
15  -418.44
16  -425.501
17  -417.314
18  -424.637
19  -421.556
20  -428.617
21  -421.324
22  -428.837
23  -428.123
24  -435.184
25  -424.631
26  -432.552
27  -439.613
28  -441.171
29  -436.405
30  -442.729
31  -439.542
32  -444.287
33  -445.845
34  -447.403
35  -446.028
36  -452.067
37  -451.316
38  -452.18
39  -450.355
40  -454.603
41  -455.467
42  -403.693
43  -410.011
44  -404.064
45  -407.668
46  -403.381
47  -396.948
48  -394.312
49  -403.986
50  -398.778
51  -408.556
52  -417.817
53  -419.888
54  -419.469
55  -428.883
56  -437.682
57  -445.777
58  -453.087
59  -459.061
60  -454.645
61  -461.415
62  -458.049
63  -462.679
64  -464.991
65  -456.6
66  -464.176
67  -471.979
68  -464.226
69  -471.494
70  -478.306
71  -472.53
72  -474.841
73  -485.337
74  -484.254
75  -489.321
76  -485.543
77  -489.726
78  -486.065
79  -490.59
80  -485.547
81  -488.27
82  -483.924
83  -489.261
84  -485.213
85  -489.558
86  -487.697
87  -492.264
88  -488.609
89  -492.69
90  -488.53
91  -493.554
92  -494.418
93  -487.595
94  -493.039
95  -493.903
96  -498.421
97  -496.443
98  -499.285
99  -497.307
100  -502.418
101  -499.989
102  -503.54
103  -500.606
104  -504.066
105  -500.737
106  -504.027
107  -501.601
108  -504.887
109  -501.365
110  -502.229
111  -506.093
112  -504.193
113  -507.483
114  -505.057
115  -507.982
116  -508.846
117  -506.822
118  -509.71
119  -506.586
120  -507.45
121  -511.438
122  -508.148
123  -512.302
124  -509.713
125  -513.531
126  -511.838
127  -517.555
128  -496.612
129  -500.009
130  -500.873
131  -502.711
132  -499.898
133  -498.023
134  -491.324
135  -488.058
136  -484.24
137  -479.308
138  -478.523
139  -478.313
140  -467.991
141  -458.822
142  -456.073
143  -458.822
144  -461.33
145  -459.737
146  -463.399
147  -466.591
148  -469.305
149  -469.508
150  -468.221
151  -468.221
152  -469.624
153  -470.026
154  -470.159
155  -470.217
156  -470.357
157  -467.93
158  -465.324
159  -465.527
160  -465.125
161  -465.009
162  -461.907
163  -462.939
164  -461.652
165  -465.125
166  -465.009
167  -464.806
168  -466.789
169  -470.159
170  -470.362
171  -470.362
172  -470.159
173  -470.56
174  -470.56
175  -470.357
176  -470.217
177  -470.159
178  -470.026
179  -470.159
180  -470.159
181  -470.159
182  -470.159
183  -470.217
184  -470.159
185  -470.56
186  -470.159
187  -470.56
188  -470.357
189  -470.217
190  -469.611
191  -470.217
192  -467.536
193  -467.536
194  -467.536
195  -464.864
196  -464.176
197  -496.612
198  -498.449
199  -506.957
200  -504.099
201  -503.974
202  -493.734
203  -498.916
204  -497.512
205  -492.499
206  -487.159
207  -487.943
208  -489.296
209  -499.92
210  -495.535
211  -506.319
212  -510.748
213  -521.318
214  -516.539
201  -503.974
202  -495.795
203  -499.748
204  -493.066
205  -491.84
206  -489.08
207  -484.416
208  -493.604
209  -504.053
210  -500.092
211  -510.74
212  -519.61
213  -517.282
214  -528.066
215  -538.546
216  -548.586
217  -558.072
218  -566.906
219  -575.001
220  -582.276
221  -588.338
222  -583.834
223  -588.713
224  -583.547
225  -590.271
226  -582.933
227  -587.613
228  -579.226
229  -586.586
230  -577.877
231  -585.342
232  -578.699
233  -586.253
234  -583.288
235  -590.752
236  -589.19
237  -594.852
238  -589.895
239  -595.248
240  -593.059
241  -598.665
242  -593.94
243  -599.078
244  -590.69
245  -598.191
246  -595.187
247  -602.497
248  -601.009
249  -606.051
250  -601.757
251  -607.266
252  -602.637
253  -607.679
254  -597.036
255  -604.819
256  -605.567
257  -609.031
258  -602.352
259  -609.823
260  -606.804
261  -614.054
262  -607.523
263  -614.846
264  -607.16
265  -614.912
266  -610.346
267  -618.033
268  -611.783
269  -619.535
270  -621.847
271  -613.342
272  -621.268
273  -622.546
274  -622.146
275  -622.146
276  -618.737
277  -615.211
278  -620.276
279  -618.824
280  -614.86
281  -615.724
282  -616.588
283  -617.452
284  -618.316
285  -626.879
286  -622.694
287  -628.194
288  -623.879
289  -626.659
290  -620.366
291  -629.69
292  -620.967
293  -628.69
294  -620.443
201  -503.974
202  -495.795
203  -488.428
204  -484.47
205  -491.45
206  -485.958
207  -483.079
208  -482.55
209  -481.25
210  -470.718
211  -461.459
212  -458.719
213  -457.887
214  -460.38
215  -457.887
216  -460.38
217  -459.489
218  -457.186
219  -455.226
220  -453.848
221  -452.915
222  -452.803
223  -452.744
224  -453.683
225  -453.479
226  -453.479
227  -453.479
228  -453.479
229  -454.185
230  -454.185
231  -455.226
232  -455.429
233  -453.79
234  -453.242
235  -453.79
236  -453.119
237  -452.915
238  -452.634
239  -452.806
240  -452.576
241  -452.95
242  -453.226
243  -453.284
244  -452.634
245  -452.576
246  -452.576
247  -452.779
248  -452.779
249  -452.779
250  -452.576
251  -452.576
252  -452.779
253  -452.716
254  -452.779
255  -452.576
256  -452.634
257  -452.747
258  -452.634
259  -452.803
260  -452.915
261  -453.848
262  -454.284
263  -454.284
264  -453.284
265  -452.634
266  -452.603
267  -452.634
268  -452.747
269  -452.634
270  -452.747
271  -452.747
272  -452.001
273  -453.226
274  -453.284
275  -452.634
276  -452.806
277  -452.404
278  -452.607
279  -452.404
280  -452.779
281  -452.404
282  -452.806
283  -452.806
284  -451.857
285  -452.744
286  -452.744
287  -452.803
288  -452.744
289  -452.744
290  -452.803
291  -452.803
292  -452.803
293  -452.603
294  -452.806
295  -452.806
296  -452.576
297  -452.779
298  -452.404
299  -452.779
300  -452.716
301  -453.119
302  -452.169
303  -452.716
304  -452.706
305  -452.706
306  -452.706
307  -455.027
308  -456.044
309  -457.127
301  -452.947
302  -453.281
303  -453.683
304  -453.479
305  -452.803
306  -452.803
307  -452.197
308  -452.744
309  -453.683
310  -452.733
311  -452.744
312  -452.806
313  -452.576
314  -452.779
315  -452.779
316  -452.779
317  -452.806
318  -452.806
319  -452.806
320  -452.744
321  -452.197
301  -452.947
302  -452.404
303  -452.806
304  -452.404
305  -452.779
306  -452.947
307  -452.607
308  -452.404
309  -452.947
310  -452.404
311  -452.806
312  -452.806
313  -452.576
314  -452.806
315  -452.744
316  -453.119
317  -452.803
318  -452.634
319  -452.803
320  -452.803
321  -452.634
322  -452.634
323  -452.806
324  -452.744
325  -453.683
326  -452.806
327  -452.404
301  -452.947
302  -452.404
303  -452.779
304  -452.947
305  -452.404
306  -452.607
307  -451.547
308  -449.587
309  -451.055
310  -452.626
311  -451.055
312  -452.411
313  -451.75
314  -451.75
315  -449.587
316  -451.055
317  -450.887
318  -450.134
319  -451.75
320  -450.887
321  -450.887
322  -449.587
323  -449.587
324  -451.055
325  -451.055
326  -451.258
327  -451.055
328  -451.258
329  -451.258
330  -450.337
331  -450.134
332  -448.71
333  -446.914
334  -449.587
335  -447.835
336  -447.835
337  -446.914
338  -449.587
339  -448.712
340  -448.712
341  -448.712
342  -451.547
343  -450.339
344  -448.712
301  -452.947
302  -451.66
303  -452.947
304  -451.66
305  -451.66
306  -451.66
307  -450.436
308  -448.457
309  -448.457
310  -447.015
311  -445.352
312  -439.938
313  -437.156
314  -439.938
315  -436.023
316  -438.85
317  -434.879
318  -438.85
319  -435.854
320  -441.719
321  -439.162
322  -435.854
323  -435.854
301  -452.947
302  -451.66
303  -451.66
304  -452.947
305  -452.404
306  -450.999
307  -452.607
308  -452.039
309  -452.039
310  -452.039
311  -449.464
312  -451.492
313  -452.779
314  -452.779
315  -452.404
316  -452.947
317  -452.744
318  -453.119
319  -452.744
320  -453.683
321  -453.281
322  -452.947
323  -452.744
324  -452.803
325  -452.803
326  -452.603
327  -452.603
328  -450.982
329  -449.609
330  -447.506
331  -449.441
332  -449.441
333  -450.982
334  -450.982
335  -451.857
336  -452.576
337  -450.617
338  -449.092
339  -447.328
340  -444.035
341  -445.698
342  -448.484
343  -446.801
344  -450.02
345  -451.217
346  -454.048
347  -450.584
348  -454.315
349  -453.139
350  -451.852
351  -450.293
352  -445.615
353  -447.462
354  -447.462
355  -447.462
356  -451.852
357  -447.462
358  -443.848
359  -445.682
360  -441.883
361  -443.717
362  -445.38
363  -441.436
364  -441.785
365  -438.33
366  -440.812
367  -438.33
368  -440.165
369  -436.556
370  -436.556
371  -431.227
372  -434.507
373  -433.703
374  -437.25
375  -440.981
376  -438.017
377  -438.017
378  -436.068
379  -438.017
380  -436.068
381  -432.983
382  -436.068
383  -433.295
384  -436.068
385  -433.859
386  -437.761
387  -435.755
388  -440.016
389  -443.422
390  -447.054
391  -443.876
392  -441.926
393  -441.926
394  -439.467
395  -445.22
396  -441.926
397  -447.34
398  -441.926
399  -438.011
400  -443.876
401  -441.473
402  -441.473
403  -441.473
404  -438.011
405  -441.473
406  -439.114
407  -438.011
408  -443.876
409  -445.71
410  -445.71
411  -450.445
412  -451.621
413  -448.815
414  -443.8
415  -445.463
416  -449.991
417  -446.615
418  -441.545
419  -443.208
420  -439.852
421  -441.515
422  -442.956
423  -442.956
424  -444.949
425  -443.773
426  -438.772
427  -435.34
428  -435.34
429  -430.277
430  -435.34
431  -438.078
432  -441.312
433  -444.002
434  -441.312
435  -439.123
436  -437.963
437  -440.066
438  -441.312
439  -444.002
440  -445.262
441  -444.002
442  -442.116
443  -443.438
444  -444.614
445  -445.968
446  -445.968
447  -443.964
448  -439.572
449  -437.486
450  -440.748
451  -435.652
452  -433.703
453  -431.396
454  -430.746
401  -443.876
402  -441.473
403  -441.473
404  -446.271
405  -451.398
406  -454.231
407  -455.408
408  -456.283
409  -456.283
410  -457.891
411  -455.299
412  -457.891
413  -458.183
414  -458.386
415  -456.483
416  -460.2
417  -458.386
418  -461.876
419  -462.152
420  -462.355
421  -460.739
422  -460.942
423  -462.713
424  -464.709
425  -462.713
426  -462.807
427  -460.807
428  -460.959
429  -456.99
430  -455.604
431  -452.943
432  -455.604
433  -455.604
434  -455.387
435  -457.492
436  -455.387
437  -455.387
438  -455.387
439  -455.59
440  -453.49
441  -455.59
442  -453.49
443  -453.49
444  -453.49
445  -457.193
446  -454.477
447  -450.107
448  -452.875
449  -453.49
450  -453.49
451  -455.59
452  -455.378
453  -455.378
454  -459.145
455  -458.938
456  -462.912
457  -462.592
458  -462.592
459  -462.912
460  -464.662
461  -468.816
462  -466.874
463  -466.874
464  -464.981
465  -462.872
466  -463.079
467  -465.084
468  -467.193
469  -467.193
470  -464.478
471  -467.193
472  -467.193
473  -465.084
474  -467.193
475  -464.478
476  -465.084
477  -465.291
478  -462.576
479  -465.084
401  -439.726
402  -437.068
403  -436.023
404  -435.854
405  -435.854
406  -436.023
407  -435.854
408  -434.879
409  -440.799
410  -437.86
411  -434.879
412  -438.028
413  -436.884
414  -433.894
415  -435.899
416  -435.899
417  -433.127
418  -435.899
419  -433.295
420  -432.12
421  -432.12
422  -432.601
423  -436.105
424  -434.607
425  -432.501
426  -434.607
427  -434.775
428  -434.607
429  -437.886
430  -434.607
431  -434.125
432  -434.125
433  -433.39
