1  -33.1051
2  -58.5356
3  -59.5017
4  -66.8577
5  -66.9409
6  -63.254
7  -82.4485
8  -102.865
9  -99.0786
10  -100.265
11  -99.0786
12  -100.265
13  -105.114
14  -110.134
15  -123.682
16  -119.503
17  -119.677
18  -116.651
19  -113.396
20  -132.207
21  -129.811
22  -128.703
23  -126.387
24  -125.183
25  -144.239
26  -145.656
27  -151.631
28  -153.877
29  -150.702
30  -161.555
31  -159.284
32  -161.555
33  -151.826
34  -147.205
35  -146.373
36  -161
37  -158.913
38  -157.122
39  -159.662
40  -158.528
41  -156.522
42  -163.355
