1  13.6781
2  30.8459
3  46.6503
4  63.249
5  72.3351
6  58.3636
7  71.0614
8  91.4902
9  104.188
10  124.617
11  137.315
12  157.743
13  170.441
14  190.87
15  203.568
16  223.997
17  236.694
18  257.123
19  269.821
20  290.25
21  302.948
22  323.376
23  336.074
24  356.503
25  369.201
26  389.63
27  402.327
28  422.756
29  435.454
30  455.883
31  468.581
32  489.01
33  501.707
34  522.136
35  534.834
36  555.263
37  567.96
38  588.389
39  601.087
40  621.516
41  634.214
42  654.643
43  667.34
44  687.769
45  700.467
46  720.896
47  733.594
48  754.022
49  766.72
50  787.149
51  799.847
52  820.276
53  832.973
54  853.402
55  866.1
56  886.529
57  899.227
58  919.655
59  932.353
60  952.782
61  965.48
62  985.909
63  998.606
64  1019.04
65  1031.73
66  1052.16
67  1064.86
68  1085.29
69  1097.99
70  1118.42
71  1131.11
72  1151.54
73  1164.24
74  1184.67
75  1197.37
76  1217.79
77  1230.49
78  1250.92
79  1263.62
80  1284.05
81  1296.75
82  1317.17
83  1329.87
84  1350.3
85  1363
86  1383.43
87  1396.13
88  1416.55
89  1429.25
90  1449.68
91  1462.38
92  1482.81
93  1495.51
94  1515.93
95  1528.63
96  1549.06
97  1561.76
98  1582.19
99  1594.89
100  1615.31
101  1628.01
102  1648.44
103  1661.14
104  1681.57
105  1694.27
106  1714.69
107  1727.39
108  1747.82
109  1760.52
110  1780.95
111  1793.64
112  1814.07
113  1826.77
114  1847.2
115  1859.9
116  1880.33
117  1893.02
118  1913.45
119  1926.15
120  1946.58
121  1959.28
122  1979.71
123  1992.4
124  2012.83
125  2025.53
126  2045.96
127  2058.66
128  2079.09
129  2091.78
130  2112.21
131  2124.91
132  2145.34
133  2158.04
134  2178.47
135  2191.16
136  2211.59
137  2224.29
138  2244.72
139  2257.42
140  2277.85
141  2290.54
142  2310.97
143  2323.67
144  2344.1
145  2356.8
146  2377.23
147  2389.92
148  2410.35
149  2423.05
150  2443.48
151  2456.18
152  2476.61
153  2489.3
154  2509.73
155  2522.43
156  2542.86
157  2555.56
158  2575.99
159  2588.68
160  2609.11
161  2621.81
162  2642.24
163  2654.94
164  2675.37
165  2688.06
166  2708.49
167  2721.19
168  2741.62
169  2754.32
170  2774.75
171  2787.44
172  2807.87
173  2820.57
174  2841
175  2853.7
176  2874.13
177  2886.82
178  2907.25
179  2919.95
180  2940.38
181  2953.08
182  2973.51
183  2986.2
184  3006.63
185  3019.33
186  3039.76
187  3052.46
188  3072.88
189  3085.58
190  3106.01
191  3118.71
192  3139.14
193  3151.84
194  3172.26
195  3184.96
196  3205.39
197  3218.09
198  3238.52
199  3251.22
200  3271.64
201  3284.34
202  3304.77
203  3317.47
204  3337.9
205  3350.6
206  3371.02
207  3383.72
208  3404.15
209  3416.85
210  3437.28
211  3449.98
212  3470.4
213  3483.1
214  3503.53
215  3516.23
216  3536.66
217  3549.36
218  3569.78
219  3582.48
220  3602.91
221  3615.61
222  3636.04
223  3648.73
224  3669.16
225  3681.86
226  3702.29
227  3714.99
228  3735.42
229  3748.11
230  3768.54
231  3781.24
232  3801.67
233  3814.37
234  3834.8
235  3847.49
236  3867.92
237  3880.62
238  3901.05
239  3913.75
240  3934.18
241  3946.87
242  3967.3
243  3980
244  4000.43
245  4013.13
246  4033.56
247  4046.25
248  4066.68
249  4079.38
250  4099.81
251  4112.51
252  4132.94
253  4145.63
254  4166.06
255  4178.76
256  4199.19
257  4211.89
258  4232.32
259  4245.01
260  4265.44
261  4278.14
262  4298.57
263  4311.27
264  4331.7
265  4344.39
266  4364.82
267  4377.52
268  4397.95
269  4410.65
270  4431.08
271  4443.77
272  4464.2
273  4476.9
274  4497.33
275  4510.03
276  4530.46
277  4543.15
278  4563.58
279  4576.28
280  4596.71
281  4609.41
282  4629.84
283  4642.53
284  4662.96
285  4675.66
286  4696.09
287  4708.79
288  4729.22
289  4741.91
290  4762.34
291  4775.04
292  4795.47
293  4808.17
294  4828.6
295  4841.29
296  4861.72
297  4874.42
298  4894.85
299  4907.55
300  4927.97
301  4940.67
302  4961.1
303  4973.8
304  4994.23
305  5006.93
306  5027.35
307  5040.05
308  5060.48
309  5073.18
310  5093.61
311  5106.31
312  5126.73
313  5139.43
314  5159.86
315  5172.56
316  5192.99
317  5205.69
318  5226.11
319  5238.81
320  5259.24
321  5271.94
322  5292.37
323  5305.07
324  5325.49
325  5338.19
326  5358.62
327  5371.32
328  5391.75
329  5404.45
330  5424.87
331  5437.57
332  5458
333  5470.7
334  5491.13
335  5503.82
336  5524.25
337  5536.95
338  5557.38
339  5570.08
340  5590.51
341  5603.2
342  5623.63
343  5636.33
344  5656.76
345  5669.46
346  5689.89
347  5702.58
348  5723.01
349  5735.71
350  5756.14
351  5768.84
352  5789.27
353  5801.96
354  5822.39
355  5835.09
356  5855.52
357  5868.22
358  5888.65
359  5901.34
360  5921.77
361  5934.47
362  5954.9
363  5967.6
364  5988.03
365  6000.72
366  6021.15
367  6033.85
368  6054.28
369  6066.98
370  6087.41
371  6100.1
372  6120.53
373  6133.23
374  6153.66
375  6166.36
376  6186.79
377  6199.48
378  6219.91
379  6232.61
380  6253.04
381  6265.74
382  6286.17
383  6298.86
384  6319.29
385  6331.99
386  6352.42
387  6365.12
388  6385.55
389  6398.24
390  6418.67
391  6431.37
392  6451.8
393  6464.5
394  6484.93
395  6497.62
396  6518.05
397  6530.75
398  6551.18
399  6563.88
400  6584.31
401  6597
402  6617.43
403  6630.13
404  6650.56
405  6663.26
406  6683.69
407  6696.38
408  6716.81
409  6729.51
410  6749.94
411  6762.64
412  6783.06
413  6795.76
414  6816.19
415  6828.89
416  6849.32
417  6862.02
418  6882.44
419  6895.14
420  6915.57
421  6928.27
422  6948.7
423  6961.4
424  6981.82
425  6994.52
426  7014.95
427  7027.65
428  7048.08
429  7060.78
430  7081.2
431  7093.9
432  7114.33
433  7127.03
434  7147.46
435  7160.16
436  7180.58
437  7193.28
438  7213.71
439  7226.41
440  7246.84
441  7259.54
442  7279.96
443  7292.66
444  7313.09
445  7325.79
446  7346.22
447  7358.91
448  7379.34
449  7392.04
450  7412.47
451  7425.17
452  7445.6
453  7458.29
454  7478.72
455  7491.42
456  7511.85
457  7524.55
458  7544.98
459  7557.67
460  7578.1
461  7590.8
462  7611.23
463  7623.93
464  7644.36
465  7657.05
466  7677.48
467  7690.18
468  7710.61
469  7723.31
470  7743.74
471  7756.43
472  7776.86
473  7789.56
474  7809.99
475  7822.69
476  7843.12
477  7855.81
478  7876.24
