1  13.6781
2  11.9121
3  26.7284
4  42.4907
5  62.0231
6  75.3341
7  95.2982
8  108.609
9  128.573
10  141.884
11  161.848
12  175.159
13  195.123
14  208.434
15  228.398
16  241.71
17  261.674
18  274.985
19  294.949
20  308.26
21  328.224
22  341.535
23  361.499
24  374.81
25  394.774
26  408.085
27  428.049
28  441.36
29  461.324
30  474.635
31  494.599
32  507.91
33  527.874
34  541.185
35  561.149
36  574.46
37  594.424
38  607.735
39  627.699
40  641.01
41  660.975
42  674.286
43  694.25
44  707.561
45  727.525
46  740.836
47  760.8
48  774.111
49  794.075
50  807.386
51  827.35
52  840.661
53  860.625
54  873.936
55  893.9
56  907.211
57  927.175
58  940.486
59  960.45
60  973.761
61  993.725
62  1007.04
63  1027
64  1040.31
65  1060.28
66  1073.59
67  1093.55
68  1106.86
69  1126.83
70  1140.14
71  1160.1
72  1173.41
73  1193.38
74  1206.69
75  1226.65
76  1239.96
77  1259.93
78  1273.24
79  1293.2
80  1306.51
81  1326.48
82  1339.79
83  1359.75
84  1373.06
85  1393.03
86  1406.34
87  1426.3
88  1439.61
89  1459.58
90  1472.89
91  1492.85
92  1506.16
93  1526.13
94  1539.44
95  1559.4
96  1572.71
97  1592.68
98  1605.99
99  1625.95
100  1639.26
101  1659.23
102  1672.54
103  1692.5
104  1705.81
105  1725.78
106  1739.09
107  1759.05
108  1772.36
109  1792.33
110  1805.64
111  1825.6
112  1838.91
113  1858.88
114  1872.19
115  1892.15
116  1905.46
117  1925.43
118  1938.74
119  1958.7
120  1972.01
121  1991.98
122  2005.29
123  2025.25
124  2038.56
125  2058.53
126  2071.84
127  2091.8
128  2105.11
129  2125.08
130  2138.39
131  2158.35
132  2171.66
133  2191.63
134  2204.94
135  2224.9
136  2238.21
137  2258.18
138  2271.49
139  2291.45
140  2304.76
141  2324.73
142  2338.04
143  2358
144  2371.31
145  2391.28
146  2404.59
147  2424.55
148  2437.86
149  2457.83
150  2471.14
151  2491.1
152  2504.42
153  2524.38
154  2537.69
155  2557.65
156  2570.97
157  2590.93
158  2604.24
159  2624.2
160  2637.52
161  2657.48
162  2670.79
163  2690.75
164  2704.07
165  2724.03
166  2737.34
167  2757.3
168  2770.62
169  2790.58
170  2803.89
171  2823.85
172  2837.17
173  2857.13
174  2870.44
175  2890.4
176  2903.72
177  2923.68
178  2936.99
179  2956.96
180  2970.27
181  2990.23
182  3003.54
183  3023.51
184  3036.82
185  3056.78
186  3070.09
187  3090.06
188  3103.37
189  3123.33
190  3136.64
191  3156.61
192  3169.92
193  3189.88
194  3203.19
195  3223.16
196  3236.47
197  3256.43
198  3269.74
199  3289.71
200  3303.02
201  3322.98
202  3336.29
203  3356.26
204  3369.57
205  3389.53
206  3402.84
207  3422.81
208  3436.12
209  3456.08
210  3469.39
211  3489.36
212  3502.67
213  3522.63
214  3535.94
215  3555.91
216  3569.22
217  3589.18
218  3602.49
219  3622.46
220  3635.77
221  3655.73
222  3669.04
223  3689.01
224  3702.32
225  3722.28
226  3735.59
227  3755.56
228  3768.87
229  3788.83
230  3802.14
231  3822.11
232  3835.42
233  3855.38
234  3868.69
235  3888.66
236  3901.97
237  3921.93
238  3935.24
239  3955.21
240  3968.52
241  3988.48
242  4001.79
243  4021.76
244  4035.07
245  4055.03
246  4068.34
247  4088.31
248  4101.62
249  4121.58
250  4134.89
251  4154.86
252  4168.17
253  4188.13
254  4201.44
255  4221.41
256  4234.72
257  4254.68
258  4267.99
259  4287.96
260  4301.27
261  4321.23
262  4334.54
263  4354.51
264  4367.82
265  4387.78
266  4401.09
267  4421.06
268  4434.37
269  4454.33
270  4467.64
271  4487.61
272  4500.92
273  4520.88
274  4534.19
275  4554.16
276  4567.47
277  4587.43
278  4600.75
279  4620.71
280  4634.02
281  4653.98
282  4667.3
283  4687.26
284  4700.57
285  4720.53
286  4733.85
287  4753.81
288  4767.12
289  4787.08
290  4800.4
291  4820.36
292  4833.67
293  4853.63
294  4866.95
295  4886.91
296  4900.22
297  4920.18
298  4933.5
299  4953.46
300  4966.77
301  4986.74
302  5000.05
303  5020.01
304  5033.32
305  5053.29
306  5066.6
307  5086.56
308  5099.87
309  5119.84
310  5133.15
311  5153.11
312  5166.42
313  5186.39
314  5199.7
315  5219.66
316  5232.97
317  5252.94
318  5266.25
319  5286.21
320  5299.52
321  5319.49
322  5332.8
323  5352.76
324  5366.07
325  5386.04
326  5399.35
327  5419.31
328  5432.62
329  5452.59
330  5465.9
331  5485.86
332  5499.17
333  5519.14
334  5532.45
335  5552.41
336  5565.72
337  5585.69
338  5599
339  5618.96
340  5632.27
341  5652.24
342  5665.55
301  6597
302  6617.43
303  6630.13
304  6650.56
305  6663.26
306  6683.69
307  6696.38
308  6716.81
309  6729.51
310  6749.94
311  6762.64
312  6783.06
313  6795.76
314  6816.19
315  6828.89
316  6849.32
317  6862.02
318  6882.44
319  6895.14
320  6915.57
321  6928.27
322  6948.7
323  6961.4
324  6981.82
325  6994.52
326  7014.95
327  7027.65
328  7048.08
329  7060.78
330  7081.2
331  7093.9
332  7114.33
333  7127.03
334  7147.46
335  7160.16
336  7180.58
337  7193.28
338  7213.71
339  7226.41
340  7246.84
341  7259.54
342  7279.96
343  7292.66
344  7313.09
345  7325.79
346  7346.22
347  7358.91
348  7379.34
349  7392.04
350  7412.47
351  7425.17
352  7445.6
353  7458.29
354  7478.72
355  7491.42
356  7511.85
357  7524.55
358  7544.98
359  7557.67
360  7578.1
361  7590.8
362  7611.23
363  7623.93
364  7644.36
365  7657.05
366  7677.48
367  7690.18
368  7710.61
369  7723.31
370  7743.74
371  7756.43
372  7776.86
373  7789.56
374  7809.99
375  7822.69
376  7843.12
377  7855.81
378  7876.24
379  7888.94
380  7909.37
381  7922.07
382  7942.5
383  7955.19
384  7975.62
385  7988.32
386  8008.75
387  8021.45
388  8041.88
389  8054.57
390  8075
391  8087.7
392  8108.13
393  8120.83
394  8141.26
395  8153.95
396  8174.38
397  8187.08
398  8207.51
399  8220.21
400  8240.64
401  8253.33
402  8273.76
403  8286.46
404  8306.89
405  8319.59
406  8340.02
407  8352.71
408  8373.14
409  8385.84
410  8406.27
411  8418.97
412  8439.4
413  8452.09
414  8472.52
415  8485.22
416  8505.65
417  8518.35
418  8538.78
419  8551.47
420  8571.9
421  8584.6
422  8605.03
423  8617.73
424  8638.15
425  8650.85
426  8671.28
427  8683.98
428  8704.41
429  8717.11
430  8737.53
431  8750.23
432  8770.66
433  8783.36
434  8803.79
435  8816.49
436  8836.91
437  8849.61
438  8870.04
439  8882.74
440  8903.17
441  8915.87
442  8936.29
443  8948.99
444  8969.42
445  8982.12
446  9002.55
447  9015.25
448  9035.67
449  9048.37
450  9068.8
451  9081.5
452  9101.93
453  9114.63
454  9135.05
455  9147.75
456  9168.18
457  9180.88
458  9201.31
459  9214.01
460  9234.43
461  9247.13
462  9267.56
463  9280.26
464  9300.69
465  9313.38
466  9333.81
467  9346.51
